0.000000000000000000e+00 7.092078328132629395e-01 0.000000000000000000e+00
0.000000000000000000e+00 7.782823443412780762e-01 0.000000000000000000e+00
0.000000000000000000e+00 8.000558614730834961e-01 0.000000000000000000e+00
0.000000000000000000e+00 8.308931589126586914e-01 0.000000000000000000e+00
0.000000000000000000e+00 8.347101211547851562e-01 0.000000000000000000e+00
0.000000000000000000e+00 8.444504737854003906e-01 0.000000000000000000e+00
0.000000000000000000e+00 8.951014280319213867e-01 0.000000000000000000e+00
0.000000000000000000e+00 8.988732695579528809e-01 0.000000000000000000e+00
0.000000000000000000e+00 1.035873055458068848e+00 0.000000000000000000e+00
0.000000000000000000e+00 1.070325255393981934e+00 0.000000000000000000e+00
0.000000000000000000e+00 1.072108268737792969e+00 0.000000000000000000e+00
0.000000000000000000e+00 1.123533248901367188e+00 0.000000000000000000e+00
0.000000000000000000e+00 1.124296069145202637e+00 0.000000000000000000e+00
0.000000000000000000e+00 1.163405776023864746e+00 0.000000000000000000e+00
0.000000000000000000e+00 1.166617035865783691e+00 0.000000000000000000e+00
0.000000000000000000e+00 1.169723272323608398e+00 0.000000000000000000e+00
0.000000000000000000e+00 1.173564195632934570e+00 0.000000000000000000e+00
0.000000000000000000e+00 1.174945116043090820e+00 0.000000000000000000e+00
0.000000000000000000e+00 1.176629304885864258e+00 0.000000000000000000e+00
0.000000000000000000e+00 1.184967756271362305e+00 0.000000000000000000e+00
0.000000000000000000e+00 1.190612316131591797e+00 0.000000000000000000e+00
0.000000000000000000e+00 1.198389649391174316e+00 0.000000000000000000e+00
0.000000000000000000e+00 1.203493237495422363e+00 0.000000000000000000e+00
0.000000000000000000e+00 1.221146941184997559e+00 0.000000000000000000e+00
0.000000000000000000e+00 1.228916645050048828e+00 0.000000000000000000e+00
0.000000000000000000e+00 1.254627943038940430e+00 0.000000000000000000e+00
0.000000000000000000e+00 1.260560870170593262e+00 0.000000000000000000e+00
0.000000000000000000e+00 1.268642067909240723e+00 0.000000000000000000e+00
0.000000000000000000e+00 1.273050546646118164e+00 0.000000000000000000e+00
0.000000000000000000e+00 1.277256727218627930e+00 0.000000000000000000e+00
0.000000000000000000e+00 1.290155291557312012e+00 0.000000000000000000e+00
0.000000000000000000e+00 1.294852137565612793e+00 0.000000000000000000e+00
0.000000000000000000e+00 1.295438766479492188e+00 0.000000000000000000e+00
0.000000000000000000e+00 1.305271267890930176e+00 0.000000000000000000e+00
0.000000000000000000e+00 1.309523701667785645e+00 0.000000000000000000e+00
0.000000000000000000e+00 1.315687656402587891e+00 0.000000000000000000e+00
0.000000000000000000e+00 1.321428418159484863e+00 0.000000000000000000e+00
0.000000000000000000e+00 1.331827878952026367e+00 0.000000000000000000e+00
0.000000000000000000e+00 1.338023424148559570e+00 0.000000000000000000e+00
0.000000000000000000e+00 1.346716642379760742e+00 0.000000000000000000e+00
0.000000000000000000e+00 1.358868241310119629e+00 0.000000000000000000e+00
0.000000000000000000e+00 1.378533363342285156e+00 0.000000000000000000e+00
0.000000000000000000e+00 1.399593353271484375e+00 0.000000000000000000e+00
0.000000000000000000e+00 1.404397368431091309e+00 0.000000000000000000e+00
0.000000000000000000e+00 1.404822587966918945e+00 0.000000000000000000e+00
0.000000000000000000e+00 1.411617040634155273e+00 0.000000000000000000e+00
0.000000000000000000e+00 1.424088478088378906e+00 0.000000000000000000e+00
0.000000000000000000e+00 1.427910089492797852e+00 0.000000000000000000e+00
0.000000000000000000e+00 1.430307865142822266e+00 0.000000000000000000e+00
0.000000000000000000e+00 1.433908104896545410e+00 0.000000000000000000e+00
0.000000000000000000e+00 1.442520499229431152e+00 0.000000000000000000e+00
0.000000000000000000e+00 1.449267745018005371e+00 0.000000000000000000e+00
0.000000000000000000e+00 1.462101221084594727e+00 0.000000000000000000e+00
0.000000000000000000e+00 1.471083879470825195e+00 0.000000000000000000e+00
0.000000000000000000e+00 1.494209051132202148e+00 0.000000000000000000e+00
0.000000000000000000e+00 1.494377255439758301e+00 0.000000000000000000e+00
0.000000000000000000e+00 1.511769771575927734e+00 0.000000000000000000e+00
0.000000000000000000e+00 1.516246438026428223e+00 0.000000000000000000e+00
0.000000000000000000e+00 1.518471240997314453e+00 0.000000000000000000e+00
0.000000000000000000e+00 1.521996378898620605e+00 0.000000000000000000e+00
0.000000000000000000e+00 1.523034811019897461e+00 0.000000000000000000e+00
0.000000000000000000e+00 1.533886551856994629e+00 0.000000000000000000e+00
0.000000000000000000e+00 1.546989917755126953e+00 0.000000000000000000e+00
0.000000000000000000e+00 1.547542095184326172e+00 0.000000000000000000e+00
0.000000000000000000e+00 1.548521518707275391e+00 0.000000000000000000e+00
0.000000000000000000e+00 1.548855185508728027e+00 0.000000000000000000e+00
0.000000000000000000e+00 1.556919336318969727e+00 0.000000000000000000e+00
0.000000000000000000e+00 1.569747924804687500e+00 0.000000000000000000e+00
0.000000000000000000e+00 1.574591517448425293e+00 0.000000000000000000e+00
0.000000000000000000e+00 1.575722098350524902e+00 0.000000000000000000e+00
0.000000000000000000e+00 1.595091104507446289e+00 0.000000000000000000e+00
0.000000000000000000e+00 1.597089767456054688e+00 0.000000000000000000e+00
0.000000000000000000e+00 1.604618787765502930e+00 0.000000000000000000e+00
0.000000000000000000e+00 1.608079433441162109e+00 0.000000000000000000e+00
0.000000000000000000e+00 1.610182642936706543e+00 0.000000000000000000e+00
0.000000000000000000e+00 1.613042116165161133e+00 0.000000000000000000e+00
0.000000000000000000e+00 1.625026226043701172e+00 0.000000000000000000e+00
0.000000000000000000e+00 1.628996133804321289e+00 0.000000000000000000e+00
0.000000000000000000e+00 1.637623548507690430e+00 0.000000000000000000e+00
0.000000000000000000e+00 1.645779132843017578e+00 0.000000000000000000e+00
0.000000000000000000e+00 1.646895408630371094e+00 0.000000000000000000e+00
0.000000000000000000e+00 1.648947119712829590e+00 0.000000000000000000e+00
0.000000000000000000e+00 1.649454951286315918e+00 0.000000000000000000e+00
0.000000000000000000e+00 1.650395631790161133e+00 0.000000000000000000e+00
0.000000000000000000e+00 1.651380181312561035e+00 0.000000000000000000e+00
0.000000000000000000e+00 1.657372355461120605e+00 0.000000000000000000e+00
0.000000000000000000e+00 1.663104891777038574e+00 0.000000000000000000e+00
0.000000000000000000e+00 1.688638448715209961e+00 0.000000000000000000e+00
0.000000000000000000e+00 1.690948963165283203e+00 0.000000000000000000e+00
0.000000000000000000e+00 1.693434238433837891e+00 0.000000000000000000e+00
0.000000000000000000e+00 1.704988479614257812e+00 0.000000000000000000e+00
0.000000000000000000e+00 1.720175862312316895e+00 0.000000000000000000e+00
0.000000000000000000e+00 1.734474778175354004e+00 0.000000000000000000e+00
0.000000000000000000e+00 1.736928224563598633e+00 0.000000000000000000e+00
0.000000000000000000e+00 1.739138126373291016e+00 0.000000000000000000e+00
0.000000000000000000e+00 1.743546128273010254e+00 0.000000000000000000e+00
0.000000000000000000e+00 1.744256019592285156e+00 0.000000000000000000e+00
0.000000000000000000e+00 1.745986223220825195e+00 0.000000000000000000e+00
0.000000000000000000e+00 1.747725248336791992e+00 0.000000000000000000e+00
0.000000000000000000e+00 1.751489281654357910e+00 0.000000000000000000e+00
0.000000000000000000e+00 1.752107739448547363e+00 0.000000000000000000e+00
0.000000000000000000e+00 1.759520292282104492e+00 0.000000000000000000e+00
0.000000000000000000e+00 1.761824727058410645e+00 0.000000000000000000e+00
0.000000000000000000e+00 1.763505697250366211e+00 0.000000000000000000e+00
0.000000000000000000e+00 1.765206575393676758e+00 0.000000000000000000e+00
0.000000000000000000e+00 1.766668677330017090e+00 0.000000000000000000e+00
0.000000000000000000e+00 1.773461818695068359e+00 0.000000000000000000e+00
0.000000000000000000e+00 1.775619626045227051e+00 0.000000000000000000e+00
0.000000000000000000e+00 1.788995623588562012e+00 0.000000000000000000e+00
0.000000000000000000e+00 1.793361902236938477e+00 0.000000000000000000e+00
0.000000000000000000e+00 1.799588561058044434e+00 0.000000000000000000e+00
0.000000000000000000e+00 1.813204765319824219e+00 0.000000000000000000e+00
0.000000000000000000e+00 1.819189786911010742e+00 0.000000000000000000e+00
0.000000000000000000e+00 1.823352456092834473e+00 0.000000000000000000e+00
0.000000000000000000e+00 1.849158525466918945e+00 0.000000000000000000e+00
0.000000000000000000e+00 1.854999065399169922e+00 0.000000000000000000e+00
0.000000000000000000e+00 1.856298089027404785e+00 0.000000000000000000e+00
0.000000000000000000e+00 1.860197544097900391e+00 0.000000000000000000e+00
0.000000000000000000e+00 1.866706132888793945e+00 0.000000000000000000e+00
0.000000000000000000e+00 1.874769926071166992e+00 0.000000000000000000e+00
0.000000000000000000e+00 1.879581451416015625e+00 0.000000000000000000e+00
0.000000000000000000e+00 1.881471872329711914e+00 0.000000000000000000e+00
0.000000000000000000e+00 1.881511569023132324e+00 0.000000000000000000e+00
0.000000000000000000e+00 1.883133411407470703e+00 0.000000000000000000e+00
0.000000000000000000e+00 1.883608937263488770e+00 0.000000000000000000e+00
0.000000000000000000e+00 1.890195488929748535e+00 0.000000000000000000e+00
0.000000000000000000e+00 1.890359163284301758e+00 0.000000000000000000e+00
0.000000000000000000e+00 1.892703294754028320e+00 0.000000000000000000e+00
0.000000000000000000e+00 1.896846413612365723e+00 0.000000000000000000e+00
0.000000000000000000e+00 1.898854136466979980e+00 0.000000000000000000e+00
0.000000000000000000e+00 1.900759220123291016e+00 0.000000000000000000e+00
0.000000000000000000e+00 1.903389334678649902e+00 0.000000000000000000e+00
0.000000000000000000e+00 1.905549287796020508e+00 0.000000000000000000e+00
0.000000000000000000e+00 1.905865788459777832e+00 0.000000000000000000e+00
0.000000000000000000e+00 1.911765336990356445e+00 0.000000000000000000e+00
0.000000000000000000e+00 1.912359714508056641e+00 0.000000000000000000e+00
0.000000000000000000e+00 1.921384572982788086e+00 0.000000000000000000e+00
0.000000000000000000e+00 1.929344654083251953e+00 0.000000000000000000e+00
0.000000000000000000e+00 1.929466843605041504e+00 0.000000000000000000e+00
0.000000000000000000e+00 1.929520130157470703e+00 0.000000000000000000e+00
0.000000000000000000e+00 1.930270552635192871e+00 0.000000000000000000e+00
0.000000000000000000e+00 1.930357694625854492e+00 0.000000000000000000e+00
0.000000000000000000e+00 1.931831955909729004e+00 0.000000000000000000e+00
0.000000000000000000e+00 1.932725548744201660e+00 0.000000000000000000e+00
0.000000000000000000e+00 1.936287164688110352e+00 0.000000000000000000e+00
0.000000000000000000e+00 1.941793441772460938e+00 0.000000000000000000e+00
0.000000000000000000e+00 1.943270921707153320e+00 0.000000000000000000e+00
0.000000000000000000e+00 1.948934555053710938e+00 0.000000000000000000e+00
0.000000000000000000e+00 1.951047897338867188e+00 0.000000000000000000e+00
0.000000000000000000e+00 1.953383445739746094e+00 0.000000000000000000e+00
0.000000000000000000e+00 1.958894610404968262e+00 0.000000000000000000e+00
0.000000000000000000e+00 1.974888801574707031e+00 0.000000000000000000e+00
0.000000000000000000e+00 1.976922750473022461e+00 0.000000000000000000e+00
0.000000000000000000e+00 1.979747533798217773e+00 0.000000000000000000e+00
0.000000000000000000e+00 1.983540058135986328e+00 0.000000000000000000e+00
0.000000000000000000e+00 1.988567709922790527e+00 0.000000000000000000e+00
0.000000000000000000e+00 1.988922238349914551e+00 0.000000000000000000e+00
0.000000000000000000e+00 1.993981838226318359e+00 0.000000000000000000e+00
0.000000000000000000e+00 1.994816541671752930e+00 0.000000000000000000e+00
0.000000000000000000e+00 2.001864194869995117e+00 0.000000000000000000e+00
0.000000000000000000e+00 2.005014181137084961e+00 0.000000000000000000e+00
0.000000000000000000e+00 2.006168842315673828e+00 0.000000000000000000e+00
0.000000000000000000e+00 2.011287689208984375e+00 0.000000000000000000e+00
0.000000000000000000e+00 2.012125253677368164e+00 0.000000000000000000e+00
0.000000000000000000e+00 2.016894578933715820e+00 0.000000000000000000e+00
0.000000000000000000e+00 2.029910802841186523e+00 0.000000000000000000e+00
0.000000000000000000e+00 2.035197973251342773e+00 0.000000000000000000e+00
0.000000000000000000e+00 2.043507575988769531e+00 0.000000000000000000e+00
0.000000000000000000e+00 2.044857978820800781e+00 0.000000000000000000e+00
0.000000000000000000e+00 2.057456493377685547e+00 0.000000000000000000e+00
0.000000000000000000e+00 2.058259248733520508e+00 0.000000000000000000e+00
0.000000000000000000e+00 2.061585187911987305e+00 0.000000000000000000e+00
0.000000000000000000e+00 2.067677736282348633e+00 0.000000000000000000e+00
0.000000000000000000e+00 2.070592641830444336e+00 0.000000000000000000e+00
0.000000000000000000e+00 2.070593118667602539e+00 0.000000000000000000e+00
0.000000000000000000e+00 2.076016902923583984e+00 0.000000000000000000e+00
0.000000000000000000e+00 2.086618661880493164e+00 0.000000000000000000e+00
0.000000000000000000e+00 2.087366819381713867e+00 0.000000000000000000e+00
0.000000000000000000e+00 2.105207920074462891e+00 0.000000000000000000e+00
0.000000000000000000e+00 2.109415769577026367e+00 0.000000000000000000e+00
0.000000000000000000e+00 2.111745595932006836e+00 0.000000000000000000e+00
0.000000000000000000e+00 2.119500160217285156e+00 0.000000000000000000e+00
0.000000000000000000e+00 2.123942852020263672e+00 0.000000000000000000e+00
0.000000000000000000e+00 2.124229431152343750e+00 0.000000000000000000e+00
0.000000000000000000e+00 2.138057947158813477e+00 0.000000000000000000e+00
0.000000000000000000e+00 2.138353347778320312e+00 0.000000000000000000e+00
0.000000000000000000e+00 2.144811391830444336e+00 0.000000000000000000e+00
0.000000000000000000e+00 2.145547628402709961e+00 0.000000000000000000e+00
0.000000000000000000e+00 2.145644903182983398e+00 0.000000000000000000e+00
0.000000000000000000e+00 2.148294210433959961e+00 0.000000000000000000e+00
0.000000000000000000e+00 2.151103496551513672e+00 0.000000000000000000e+00
0.000000000000000000e+00 2.164437294006347656e+00 0.000000000000000000e+00
0.000000000000000000e+00 2.170484066009521484e+00 0.000000000000000000e+00
0.000000000000000000e+00 2.178319931030273438e+00 0.000000000000000000e+00
0.000000000000000000e+00 2.179360866546630859e+00 0.000000000000000000e+00
0.000000000000000000e+00 2.193774700164794922e+00 0.000000000000000000e+00
0.000000000000000000e+00 2.193854808807373047e+00 0.000000000000000000e+00
0.000000000000000000e+00 2.198022365570068359e+00 0.000000000000000000e+00
0.000000000000000000e+00 2.198971986770629883e+00 0.000000000000000000e+00
0.000000000000000000e+00 2.199744224548339844e+00 0.000000000000000000e+00
0.000000000000000000e+00 2.200247287750244141e+00 0.000000000000000000e+00
0.000000000000000000e+00 2.201500654220581055e+00 0.000000000000000000e+00
0.000000000000000000e+00 2.211591243743896484e+00 0.000000000000000000e+00
0.000000000000000000e+00 2.217156410217285156e+00 0.000000000000000000e+00
0.000000000000000000e+00 2.217633724212646484e+00 0.000000000000000000e+00
0.000000000000000000e+00 2.219850540161132812e+00 0.000000000000000000e+00
0.000000000000000000e+00 2.222740888595581055e+00 0.000000000000000000e+00
0.000000000000000000e+00 2.235051155090332031e+00 0.000000000000000000e+00
0.000000000000000000e+00 2.237800598144531250e+00 0.000000000000000000e+00
0.000000000000000000e+00 2.243712902069091797e+00 0.000000000000000000e+00
0.000000000000000000e+00 2.245266914367675781e+00 0.000000000000000000e+00
0.000000000000000000e+00 2.245955228805541992e+00 0.000000000000000000e+00
0.000000000000000000e+00 2.247742414474487305e+00 0.000000000000000000e+00
0.000000000000000000e+00 2.260619640350341797e+00 0.000000000000000000e+00
0.000000000000000000e+00 2.273071289062500000e+00 0.000000000000000000e+00
0.000000000000000000e+00 2.275461912155151367e+00 0.000000000000000000e+00
0.000000000000000000e+00 2.281036376953125000e+00 0.000000000000000000e+00
0.000000000000000000e+00 2.283939361572265625e+00 0.000000000000000000e+00
0.000000000000000000e+00 2.293775558471679688e+00 0.000000000000000000e+00
0.000000000000000000e+00 2.300755262374877930e+00 0.000000000000000000e+00
0.000000000000000000e+00 2.302678585052490234e+00 0.000000000000000000e+00
0.000000000000000000e+00 2.303257703781127930e+00 0.000000000000000000e+00
0.000000000000000000e+00 2.303716897964477539e+00 0.000000000000000000e+00
0.000000000000000000e+00 2.307913303375244141e+00 0.000000000000000000e+00
0.000000000000000000e+00 2.308094263076782227e+00 0.000000000000000000e+00
0.000000000000000000e+00 2.318855762481689453e+00 0.000000000000000000e+00
0.000000000000000000e+00 2.320000886917114258e+00 0.000000000000000000e+00
0.000000000000000000e+00 2.320956468582153320e+00 0.000000000000000000e+00
0.000000000000000000e+00 2.323887586593627930e+00 0.000000000000000000e+00
0.000000000000000000e+00 2.325107812881469727e+00 0.000000000000000000e+00
0.000000000000000000e+00 2.339138507843017578e+00 0.000000000000000000e+00
0.000000000000000000e+00 2.341997861862182617e+00 0.000000000000000000e+00
0.000000000000000000e+00 2.344495296478271484e+00 0.000000000000000000e+00
0.000000000000000000e+00 2.346377611160278320e+00 0.000000000000000000e+00
0.000000000000000000e+00 2.353986263275146484e+00 0.000000000000000000e+00
0.000000000000000000e+00 2.358237266540527344e+00 0.000000000000000000e+00
0.000000000000000000e+00 2.368797063827514648e+00 0.000000000000000000e+00
0.000000000000000000e+00 2.372123479843139648e+00 0.000000000000000000e+00
0.000000000000000000e+00 2.378714799880981445e+00 0.000000000000000000e+00
0.000000000000000000e+00 2.382722139358520508e+00 0.000000000000000000e+00
0.000000000000000000e+00 2.383424758911132812e+00 0.000000000000000000e+00
0.000000000000000000e+00 2.385514259338378906e+00 0.000000000000000000e+00
0.000000000000000000e+00 2.392804622650146484e+00 0.000000000000000000e+00
0.000000000000000000e+00 2.392871141433715820e+00 0.000000000000000000e+00
0.000000000000000000e+00 2.400599479675292969e+00 0.000000000000000000e+00
0.000000000000000000e+00 2.413293361663818359e+00 0.000000000000000000e+00
0.000000000000000000e+00 2.416856050491333008e+00 0.000000000000000000e+00
0.000000000000000000e+00 2.428570270538330078e+00 0.000000000000000000e+00
0.000000000000000000e+00 2.430679321289062500e+00 0.000000000000000000e+00
0.000000000000000000e+00 2.440728902816772461e+00 0.000000000000000000e+00
0.000000000000000000e+00 2.446515083312988281e+00 0.000000000000000000e+00
0.000000000000000000e+00 2.448486328125000000e+00 0.000000000000000000e+00
0.000000000000000000e+00 2.452479362487792969e+00 0.000000000000000000e+00
0.000000000000000000e+00 2.452494621276855469e+00 0.000000000000000000e+00
0.000000000000000000e+00 2.455055952072143555e+00 0.000000000000000000e+00
0.000000000000000000e+00 2.455664873123168945e+00 0.000000000000000000e+00
0.000000000000000000e+00 2.462098598480224609e+00 0.000000000000000000e+00
0.000000000000000000e+00 2.463520526885986328e+00 0.000000000000000000e+00
0.000000000000000000e+00 2.477039575576782227e+00 0.000000000000000000e+00
0.000000000000000000e+00 2.490495681762695312e+00 0.000000000000000000e+00
0.000000000000000000e+00 2.490702390670776367e+00 0.000000000000000000e+00
0.000000000000000000e+00 2.501152515411376953e+00 0.000000000000000000e+00
0.000000000000000000e+00 2.511466741561889648e+00 0.000000000000000000e+00
0.000000000000000000e+00 2.511560678482055664e+00 0.000000000000000000e+00
0.000000000000000000e+00 2.520701646804809570e+00 0.000000000000000000e+00
0.000000000000000000e+00 2.527766227722167969e+00 0.000000000000000000e+00
0.000000000000000000e+00 2.533411264419555664e+00 0.000000000000000000e+00
0.000000000000000000e+00 2.534890413284301758e+00 0.000000000000000000e+00
0.000000000000000000e+00 2.537931203842163086e+00 0.000000000000000000e+00
0.000000000000000000e+00 2.543391466140747070e+00 0.000000000000000000e+00
0.000000000000000000e+00 2.544746160507202148e+00 0.000000000000000000e+00
0.000000000000000000e+00 2.554064989089965820e+00 0.000000000000000000e+00
0.000000000000000000e+00 2.554685592651367188e+00 0.000000000000000000e+00
0.000000000000000000e+00 2.556798219680786133e+00 0.000000000000000000e+00
0.000000000000000000e+00 2.561589002609252930e+00 0.000000000000000000e+00
0.000000000000000000e+00 2.565799474716186523e+00 0.000000000000000000e+00
0.000000000000000000e+00 2.574183464050292969e+00 0.000000000000000000e+00
0.000000000000000000e+00 2.575009107589721680e+00 0.000000000000000000e+00
0.000000000000000000e+00 2.575928449630737305e+00 0.000000000000000000e+00
0.000000000000000000e+00 2.576246023178100586e+00 0.000000000000000000e+00
0.000000000000000000e+00 2.580652236938476562e+00 0.000000000000000000e+00
0.000000000000000000e+00 2.584516525268554688e+00 0.000000000000000000e+00
0.000000000000000000e+00 2.585262060165405273e+00 0.000000000000000000e+00
0.000000000000000000e+00 2.586295604705810547e+00 0.000000000000000000e+00
0.000000000000000000e+00 2.589734554290771484e+00 0.000000000000000000e+00
0.000000000000000000e+00 2.600219488143920898e+00 0.000000000000000000e+00
0.000000000000000000e+00 2.608554124832153320e+00 0.000000000000000000e+00
0.000000000000000000e+00 2.614378929138183594e+00 0.000000000000000000e+00
0.000000000000000000e+00 2.615264892578125000e+00 0.000000000000000000e+00
0.000000000000000000e+00 2.618951082229614258e+00 0.000000000000000000e+00
0.000000000000000000e+00 2.619158744812011719e+00 0.000000000000000000e+00
0.000000000000000000e+00 2.632547855377197266e+00 0.000000000000000000e+00
0.000000000000000000e+00 2.647195816040039062e+00 0.000000000000000000e+00
0.000000000000000000e+00 2.647233724594116211e+00 0.000000000000000000e+00
0.000000000000000000e+00 2.655375242233276367e+00 0.000000000000000000e+00
0.000000000000000000e+00 2.656271457672119141e+00 0.000000000000000000e+00
0.000000000000000000e+00 2.660207509994506836e+00 0.000000000000000000e+00
0.000000000000000000e+00 2.660290479660034180e+00 0.000000000000000000e+00
0.000000000000000000e+00 2.661042451858520508e+00 0.000000000000000000e+00
0.000000000000000000e+00 2.661876678466796875e+00 0.000000000000000000e+00
0.000000000000000000e+00 2.668040752410888672e+00 0.000000000000000000e+00
0.000000000000000000e+00 2.677642583847045898e+00 0.000000000000000000e+00
0.000000000000000000e+00 2.703046083450317383e+00 0.000000000000000000e+00
0.000000000000000000e+00 2.715606212615966797e+00 0.000000000000000000e+00
0.000000000000000000e+00 2.717045545578002930e+00 0.000000000000000000e+00
0.000000000000000000e+00 2.731190919876098633e+00 0.000000000000000000e+00
0.000000000000000000e+00 2.740799427032470703e+00 0.000000000000000000e+00
0.000000000000000000e+00 2.744149208068847656e+00 0.000000000000000000e+00
0.000000000000000000e+00 2.758469343185424805e+00 0.000000000000000000e+00
0.000000000000000000e+00 2.758812427520751953e+00 0.000000000000000000e+00
0.000000000000000000e+00 2.762095451354980469e+00 0.000000000000000000e+00
0.000000000000000000e+00 2.765078067779541016e+00 0.000000000000000000e+00
0.000000000000000000e+00 2.778034448623657227e+00 0.000000000000000000e+00
0.000000000000000000e+00 2.780275821685791016e+00 0.000000000000000000e+00
0.000000000000000000e+00 2.782931804656982422e+00 0.000000000000000000e+00
0.000000000000000000e+00 2.789223909378051758e+00 0.000000000000000000e+00
0.000000000000000000e+00 2.816924571990966797e+00 0.000000000000000000e+00
0.000000000000000000e+00 2.831160068511962891e+00 0.000000000000000000e+00
0.000000000000000000e+00 2.831321477890014648e+00 0.000000000000000000e+00
0.000000000000000000e+00 2.843658447265625000e+00 0.000000000000000000e+00
0.000000000000000000e+00 2.854388952255249023e+00 0.000000000000000000e+00
0.000000000000000000e+00 2.856126308441162109e+00 0.000000000000000000e+00
0.000000000000000000e+00 2.859650850296020508e+00 0.000000000000000000e+00
0.000000000000000000e+00 2.864702939987182617e+00 0.000000000000000000e+00
0.000000000000000000e+00 2.868204116821289062e+00 0.000000000000000000e+00
0.000000000000000000e+00 2.873548030853271484e+00 0.000000000000000000e+00
0.000000000000000000e+00 2.874853849411010742e+00 0.000000000000000000e+00
0.000000000000000000e+00 2.878483772277832031e+00 0.000000000000000000e+00
0.000000000000000000e+00 2.887793302536010742e+00 0.000000000000000000e+00
0.000000000000000000e+00 2.897995471954345703e+00 0.000000000000000000e+00
0.000000000000000000e+00 2.900178194046020508e+00 0.000000000000000000e+00
0.000000000000000000e+00 2.905829429626464844e+00 0.000000000000000000e+00
0.000000000000000000e+00 2.907747983932495117e+00 0.000000000000000000e+00
0.000000000000000000e+00 2.940861225128173828e+00 0.000000000000000000e+00
0.000000000000000000e+00 2.964065074920654297e+00 0.000000000000000000e+00
0.000000000000000000e+00 3.007479190826416016e+00 0.000000000000000000e+00
0.000000000000000000e+00 3.009901285171508789e+00 0.000000000000000000e+00
0.000000000000000000e+00 3.014135599136352539e+00 0.000000000000000000e+00
0.000000000000000000e+00 3.045172691345214844e+00 0.000000000000000000e+00
0.000000000000000000e+00 3.068131923675537109e+00 0.000000000000000000e+00
0.000000000000000000e+00 3.142998456954956055e+00 0.000000000000000000e+00
0.000000000000000000e+00 3.145007848739624023e+00 0.000000000000000000e+00
0.000000000000000000e+00 3.148203611373901367e+00 0.000000000000000000e+00
0.000000000000000000e+00 3.149687528610229492e+00 0.000000000000000000e+00
0.000000000000000000e+00 3.150657176971435547e+00 0.000000000000000000e+00
0.000000000000000000e+00 3.162618875503540039e+00 0.000000000000000000e+00
0.000000000000000000e+00 3.164777517318725586e+00 0.000000000000000000e+00
0.000000000000000000e+00 3.172190904617309570e+00 0.000000000000000000e+00
0.000000000000000000e+00 3.186371326446533203e+00 0.000000000000000000e+00
0.000000000000000000e+00 3.212435960769653320e+00 0.000000000000000000e+00
0.000000000000000000e+00 3.226693868637084961e+00 0.000000000000000000e+00
0.000000000000000000e+00 3.236440658569335938e+00 0.000000000000000000e+00
0.000000000000000000e+00 3.237514019012451172e+00 0.000000000000000000e+00
0.000000000000000000e+00 3.260594606399536133e+00 0.000000000000000000e+00
0.000000000000000000e+00 3.266635179519653320e+00 0.000000000000000000e+00
0.000000000000000000e+00 3.319281816482543945e+00 0.000000000000000000e+00
0.000000000000000000e+00 3.329637289047241211e+00 0.000000000000000000e+00
0.000000000000000000e+00 3.339267730712890625e+00 0.000000000000000000e+00
0.000000000000000000e+00 3.342056989669799805e+00 0.000000000000000000e+00
0.000000000000000000e+00 3.353892087936401367e+00 0.000000000000000000e+00
0.000000000000000000e+00 3.370787382125854492e+00 0.000000000000000000e+00
0.000000000000000000e+00 3.394083023071289062e+00 0.000000000000000000e+00
0.000000000000000000e+00 3.395577669143676758e+00 0.000000000000000000e+00
0.000000000000000000e+00 3.412613630294799805e+00 0.000000000000000000e+00
0.000000000000000000e+00 3.430057287216186523e+00 0.000000000000000000e+00
0.000000000000000000e+00 3.508880376815795898e+00 0.000000000000000000e+00
0.000000000000000000e+00 3.524830579757690430e+00 0.000000000000000000e+00
0.000000000000000000e+00 3.535604238510131836e+00 0.000000000000000000e+00
0.000000000000000000e+00 3.573442220687866211e+00 0.000000000000000000e+00
0.000000000000000000e+00 3.587962150573730469e+00 0.000000000000000000e+00
0.000000000000000000e+00 3.597396373748779297e+00 0.000000000000000000e+00
0.000000000000000000e+00 3.599911689758300781e+00 0.000000000000000000e+00
0.000000000000000000e+00 3.616703987121582031e+00 0.000000000000000000e+00
0.000000000000000000e+00 3.632381200790405273e+00 0.000000000000000000e+00
0.000000000000000000e+00 3.644545078277587891e+00 0.000000000000000000e+00
0.000000000000000000e+00 3.663408279418945312e+00 0.000000000000000000e+00
0.000000000000000000e+00 3.755693435668945312e+00 0.000000000000000000e+00
0.000000000000000000e+00 3.793352842330932617e+00 0.000000000000000000e+00
0.000000000000000000e+00 3.833849906921386719e+00 0.000000000000000000e+00
0.000000000000000000e+00 3.850683927536010742e+00 0.000000000000000000e+00
0.000000000000000000e+00 3.858293533325195312e+00 0.000000000000000000e+00
0.000000000000000000e+00 3.909936904907226562e+00 0.000000000000000000e+00
0.000000000000000000e+00 3.912528753280639648e+00 0.000000000000000000e+00
0.000000000000000000e+00 3.966226577758789062e+00 0.000000000000000000e+00
0.000000000000000000e+00 4.011641979217529297e+00 0.000000000000000000e+00
0.000000000000000000e+00 4.088546276092529297e+00 0.000000000000000000e+00
0.000000000000000000e+00 4.117107391357421875e+00 0.000000000000000000e+00
0.000000000000000000e+00 4.177830696105957031e+00 0.000000000000000000e+00
0.000000000000000000e+00 4.219552516937255859e+00 0.000000000000000000e+00
0.000000000000000000e+00 4.243247509002685547e+00 0.000000000000000000e+00
0.000000000000000000e+00 4.330198764801025391e+00 0.000000000000000000e+00
0.000000000000000000e+00 4.413714408874511719e+00 0.000000000000000000e+00
0.000000000000000000e+00 4.418957710266113281e+00 0.000000000000000000e+00
0.000000000000000000e+00 4.472649097442626953e+00 0.000000000000000000e+00
0.000000000000000000e+00 4.755337238311767578e+00 0.000000000000000000e+00
0.000000000000000000e+00 4.818880081176757812e+00 0.000000000000000000e+00
0.000000000000000000e+00 5.120909690856933594e+00 0.000000000000000000e+00
0.000000000000000000e+00 5.191932678222656250e+00 0.000000000000000000e+00
0.000000000000000000e+00 5.580448627471923828e+00 0.000000000000000000e+00
7.736413955688476562e+00 8.005749702453613281e+00 1.000000000000000000e+00
7.407493114471435547e+00 7.804484844207763672e+00 1.000000000000000000e+00
6.916489601135253906e+00 7.379241943359375000e+00 1.000000000000000000e+00
6.753245830535888672e+00 6.878381729125976562e+00 1.000000000000000000e+00
6.197626590728759766e+00 7.932425975799560547e+00 1.000000000000000000e+00
6.164125442504882812e+00 6.337578773498535156e+00 1.000000000000000000e+00
5.361802577972412109e+00 5.809223651885986328e+00 1.000000000000000000e+00
5.354375362396240234e+00 5.547355175018310547e+00 1.000000000000000000e+00
4.942954063415527344e+00 5.019073009490966797e+00 1.000000000000000000e+00
4.914842605590820312e+00 5.864405155181884766e+00 1.000000000000000000e+00
4.872488498687744141e+00 5.552933692932128906e+00 1.000000000000000000e+00
4.712701797485351562e+00 4.723292350769042969e+00 1.000000000000000000e+00
4.565919876098632812e+00 5.205841541290283203e+00 1.000000000000000000e+00
4.506505012512207031e+00 4.785451412200927734e+00 1.000000000000000000e+00
4.490975379943847656e+00 4.704384803771972656e+00 1.000000000000000000e+00
4.469763278961181641e+00 4.651574611663818359e+00 1.000000000000000000e+00
4.400650024414062500e+00 4.578577518463134766e+00 1.000000000000000000e+00
4.282953739166259766e+00 4.372259616851806641e+00 1.000000000000000000e+00
4.241997241973876953e+00 4.368309497833251953e+00 1.000000000000000000e+00
4.223439216613769531e+00 4.590127944946289062e+00 1.000000000000000000e+00
4.213999271392822266e+00 4.418964385986328125e+00 1.000000000000000000e+00
4.098500728607177734e+00 4.188355445861816406e+00 1.000000000000000000e+00
4.089900493621826172e+00 4.111728668212890625e+00 1.000000000000000000e+00
4.017476558685302734e+00 4.253071308135986328e+00 1.000000000000000000e+00
4.015632152557373047e+00 4.116495132446289062e+00 1.000000000000000000e+00
4.001885890960693359e+00 4.090338230133056641e+00 1.000000000000000000e+00
3.997165203094482422e+00 4.044304370880126953e+00 1.000000000000000000e+00
3.979026794433593750e+00 4.148561000823974609e+00 1.000000000000000000e+00
3.949402093887329102e+00 4.055647850036621094e+00 1.000000000000000000e+00
3.917961120605468750e+00 4.026966094970703125e+00 1.000000000000000000e+00
3.892985343933105469e+00 4.290050029754638672e+00 1.000000000000000000e+00
3.823519468307495117e+00 4.047002315521240234e+00 1.000000000000000000e+00
3.808868169784545898e+00 4.517012119293212891e+00 1.000000000000000000e+00
3.753520011901855469e+00 4.204929351806640625e+00 1.000000000000000000e+00
3.738277435302734375e+00 3.832706212997436523e+00 1.000000000000000000e+00
3.709644317626953125e+00 4.395566463470458984e+00 1.000000000000000000e+00
3.702965736389160156e+00 4.719581604003906250e+00 1.000000000000000000e+00
3.689670324325561523e+00 3.779612779617309570e+00 1.000000000000000000e+00
3.686885595321655273e+00 3.928488016128540039e+00 1.000000000000000000e+00
3.683850765228271484e+00 3.815403223037719727e+00 1.000000000000000000e+00
3.642230510711669922e+00 4.425535678863525391e+00 1.000000000000000000e+00
3.631249427795410156e+00 3.671052455902099609e+00 1.000000000000000000e+00
3.616479635238647461e+00 3.747386693954467773e+00 1.000000000000000000e+00
3.596374511718750000e+00 4.092172622680664062e+00 1.000000000000000000e+00
3.578312158584594727e+00 3.727655410766601562e+00 1.000000000000000000e+00
3.567177295684814453e+00 3.719517230987548828e+00 1.000000000000000000e+00
3.554326534271240234e+00 4.043915748596191406e+00 1.000000000000000000e+00
3.547598838806152344e+00 4.217741012573242188e+00 1.000000000000000000e+00
3.530233383178710938e+00 3.780700445175170898e+00 1.000000000000000000e+00
3.529566049575805664e+00 3.868557453155517578e+00 1.000000000000000000e+00
3.519335985183715820e+00 3.719293832778930664e+00 1.000000000000000000e+00
3.504690885543823242e+00 3.968089103698730469e+00 1.000000000000000000e+00
3.495378255844116211e+00 3.575341701507568359e+00 1.000000000000000000e+00
3.492399930953979492e+00 3.815764427185058594e+00 1.000000000000000000e+00
3.489891767501831055e+00 3.976779937744140625e+00 1.000000000000000000e+00
3.479178428649902344e+00 3.480787277221679688e+00 1.000000000000000000e+00
3.479007482528686523e+00 3.602388143539428711e+00 1.000000000000000000e+00
3.475310564041137695e+00 3.540932178497314453e+00 1.000000000000000000e+00
3.471658468246459961e+00 3.624738454818725586e+00 1.000000000000000000e+00
3.437222242355346680e+00 3.690957546234130859e+00 1.000000000000000000e+00
3.428285837173461914e+00 3.590602636337280273e+00 1.000000000000000000e+00
3.423172235488891602e+00 4.037895679473876953e+00 1.000000000000000000e+00
3.408873558044433594e+00 3.494724035263061523e+00 1.000000000000000000e+00
3.397635698318481445e+00 3.471266269683837891e+00 1.000000000000000000e+00
3.366530179977416992e+00 3.710584402084350586e+00 1.000000000000000000e+00
3.352685451507568359e+00 3.921068668365478516e+00 1.000000000000000000e+00
3.340227603912353516e+00 3.349489927291870117e+00 1.000000000000000000e+00
3.337234497070312500e+00 3.342285871505737305e+00 1.000000000000000000e+00
3.330110788345336914e+00 3.536634922027587891e+00 1.000000000000000000e+00
3.308397054672241211e+00 3.773648738861083984e+00 1.000000000000000000e+00
3.292753458023071289e+00 3.432294130325317383e+00 1.000000000000000000e+00
3.292181015014648438e+00 3.416534185409545898e+00 1.000000000000000000e+00
3.280196189880371094e+00 3.362454891204833984e+00 1.000000000000000000e+00
3.270884990692138672e+00 3.723500490188598633e+00 1.000000000000000000e+00
3.269144058227539062e+00 3.502860069274902344e+00 1.000000000000000000e+00
3.267604589462280273e+00 3.725605249404907227e+00 1.000000000000000000e+00
3.257555246353149414e+00 3.437934637069702148e+00 1.000000000000000000e+00
3.256071329116821289e+00 4.072974681854248047e+00 1.000000000000000000e+00
3.249143600463867188e+00 4.483521938323974609e+00 1.000000000000000000e+00
3.245961904525756836e+00 3.280504226684570312e+00 1.000000000000000000e+00
3.226680755615234375e+00 3.482022762298583984e+00 1.000000000000000000e+00
3.214464664459228516e+00 3.243361949920654297e+00 1.000000000000000000e+00
3.208790779113769531e+00 3.591344356536865234e+00 1.000000000000000000e+00
3.200939178466796875e+00 3.689292907714843750e+00 1.000000000000000000e+00
3.195068120956420898e+00 3.241515398025512695e+00 1.000000000000000000e+00
3.193377971649169922e+00 3.568557500839233398e+00 1.000000000000000000e+00
3.190898895263671875e+00 3.285734415054321289e+00 1.000000000000000000e+00
3.175173997879028320e+00 3.692674160003662109e+00 1.000000000000000000e+00
3.157667875289916992e+00 3.308223247528076172e+00 1.000000000000000000e+00
3.148224353790283203e+00 3.778175592422485352e+00 1.000000000000000000e+00
3.143586635589599609e+00 3.462425947189331055e+00 1.000000000000000000e+00
3.135310173034667969e+00 3.163496971130371094e+00 1.000000000000000000e+00
3.124696254730224609e+00 3.188634157180786133e+00 1.000000000000000000e+00
3.097540378570556641e+00 3.358361005783081055e+00 1.000000000000000000e+00
3.093930006027221680e+00 3.703970193862915039e+00 1.000000000000000000e+00
3.093281984329223633e+00 3.097919702529907227e+00 1.000000000000000000e+00
3.080493211746215820e+00 3.221446514129638672e+00 1.000000000000000000e+00
3.072467803955078125e+00 3.218968152999877930e+00 1.000000000000000000e+00
3.058537244796752930e+00 3.116042852401733398e+00 1.000000000000000000e+00
3.056797504425048828e+00 3.234209299087524414e+00 1.000000000000000000e+00
3.056727647781372070e+00 3.594950675964355469e+00 1.000000000000000000e+00
3.033164501190185547e+00 3.405261278152465820e+00 1.000000000000000000e+00
3.011543273925781250e+00 3.188634157180786133e+00 1.000000000000000000e+00
2.993416309356689453e+00 3.017907619476318359e+00 1.000000000000000000e+00
2.992736101150512695e+00 3.390180349349975586e+00 1.000000000000000000e+00
2.974187612533569336e+00 3.518151044845581055e+00 1.000000000000000000e+00
2.952044010162353516e+00 2.960241317749023438e+00 1.000000000000000000e+00
2.918790817260742188e+00 2.925226926803588867e+00 1.000000000000000000e+00
2.907613754272460938e+00 3.109689950942993164e+00 1.000000000000000000e+00
2.904411792755126953e+00 3.249343156814575195e+00 1.000000000000000000e+00
2.900759458541870117e+00 3.369358539581298828e+00 1.000000000000000000e+00
2.873089790344238281e+00 3.568132162094116211e+00 1.000000000000000000e+00
2.861625671386718750e+00 2.901402711868286133e+00 1.000000000000000000e+00
2.860448598861694336e+00 3.083333730697631836e+00 1.000000000000000000e+00
2.847176551818847656e+00 3.147834777832031250e+00 1.000000000000000000e+00
2.838472366333007812e+00 3.467464208602905273e+00 1.000000000000000000e+00
2.829167366027832031e+00 3.014197826385498047e+00 1.000000000000000000e+00
2.813909530639648438e+00 2.928753376007080078e+00 1.000000000000000000e+00
2.813436746597290039e+00 2.975350141525268555e+00 1.000000000000000000e+00
2.782831430435180664e+00 2.925226926803588867e+00 1.000000000000000000e+00
2.776631116867065430e+00 2.912654399871826172e+00 1.000000000000000000e+00
2.776420116424560547e+00 3.380326032638549805e+00 1.000000000000000000e+00
2.774863004684448242e+00 2.831843852996826172e+00 1.000000000000000000e+00
2.772710561752319336e+00 2.881788730621337891e+00 1.000000000000000000e+00
2.755809307098388672e+00 2.816154718399047852e+00 1.000000000000000000e+00
2.750942945480346680e+00 3.172696352005004883e+00 1.000000000000000000e+00
2.745952606201171875e+00 3.314980983734130859e+00 1.000000000000000000e+00
2.740861892700195312e+00 3.247684478759765625e+00 1.000000000000000000e+00
2.739380598068237305e+00 2.996959447860717773e+00 1.000000000000000000e+00
2.726116657257080078e+00 2.947963714599609375e+00 1.000000000000000000e+00
2.719874858856201172e+00 3.001326799392700195e+00 1.000000000000000000e+00
2.716715097427368164e+00 2.906126499176025391e+00 1.000000000000000000e+00
2.708747625350952148e+00 2.814108848571777344e+00 1.000000000000000000e+00
2.694998025894165039e+00 2.952210903167724609e+00 1.000000000000000000e+00
2.688299417495727539e+00 2.940308809280395508e+00 1.000000000000000000e+00
2.681406021118164062e+00 2.997051477432250977e+00 1.000000000000000000e+00
2.679375886917114258e+00 2.692839860916137695e+00 1.000000000000000000e+00
2.678315877914428711e+00 3.137386083602905273e+00 1.000000000000000000e+00
2.673632144927978516e+00 2.861018896102905273e+00 1.000000000000000000e+00
2.665371656417846680e+00 3.063359498977661133e+00 1.000000000000000000e+00
2.658363580703735352e+00 3.311252832412719727e+00 1.000000000000000000e+00
2.658148527145385742e+00 3.093115568161010742e+00 1.000000000000000000e+00
2.646941900253295898e+00 2.862327575683593750e+00 1.000000000000000000e+00
2.639370203018188477e+00 3.026692390441894531e+00 1.000000000000000000e+00
2.629667282104492188e+00 2.731779098510742188e+00 1.000000000000000000e+00
2.625702619552612305e+00 3.065964698791503906e+00 1.000000000000000000e+00
2.619739532470703125e+00 3.061982870101928711e+00 1.000000000000000000e+00
2.618441581726074219e+00 3.350577592849731445e+00 1.000000000000000000e+00
2.614495754241943359e+00 3.105608463287353516e+00 1.000000000000000000e+00
2.612700223922729492e+00 3.104632616043090820e+00 1.000000000000000000e+00
2.609727621078491211e+00 2.816741704940795898e+00 1.000000000000000000e+00
2.608096837997436523e+00 3.221014499664306641e+00 1.000000000000000000e+00
2.598757028579711914e+00 3.150446891784667969e+00 1.000000000000000000e+00
2.598703384399414062e+00 3.475120306015014648e+00 1.000000000000000000e+00
2.596489667892456055e+00 2.659975290298461914e+00 1.000000000000000000e+00
2.592936515808105469e+00 2.623575210571289062e+00 1.000000000000000000e+00
2.591787815093994141e+00 2.993529319763183594e+00 1.000000000000000000e+00
2.590713262557983398e+00 2.873027563095092773e+00 1.000000000000000000e+00
2.584083557128906250e+00 2.714208841323852539e+00 1.000000000000000000e+00
2.579271554946899414e+00 2.713488101959228516e+00 1.000000000000000000e+00
2.577120065689086914e+00 2.761025428771972656e+00 1.000000000000000000e+00
2.569172143936157227e+00 2.767160654067993164e+00 1.000000000000000000e+00
2.563006639480590820e+00 2.619050741195678711e+00 1.000000000000000000e+00
2.562742233276367188e+00 2.686378002166748047e+00 1.000000000000000000e+00
2.560645580291748047e+00 2.698912143707275391e+00 1.000000000000000000e+00
2.559965133666992188e+00 2.647325277328491211e+00 1.000000000000000000e+00
2.554940223693847656e+00 3.416304111480712891e+00 1.000000000000000000e+00
2.551270008087158203e+00 2.769398212432861328e+00 1.000000000000000000e+00
2.548288583755493164e+00 3.110782861709594727e+00 1.000000000000000000e+00
2.547793388366699219e+00 3.199798107147216797e+00 1.000000000000000000e+00
2.543433666229248047e+00 2.723397970199584961e+00 1.000000000000000000e+00
2.515325069427490234e+00 2.922794580459594727e+00 1.000000000000000000e+00
2.487491846084594727e+00 2.731120109558105469e+00 1.000000000000000000e+00
2.486465930938720703e+00 2.592355489730834961e+00 1.000000000000000000e+00
2.473831892013549805e+00 3.268306732177734375e+00 1.000000000000000000e+00
2.453117609024047852e+00 3.192982673645019531e+00 1.000000000000000000e+00
2.445530652999877930e+00 2.973208904266357422e+00 1.000000000000000000e+00
2.439602375030517578e+00 2.512300252914428711e+00 1.000000000000000000e+00
2.439487934112548828e+00 3.350172996520996094e+00 1.000000000000000000e+00
2.436769723892211914e+00 2.935474157333374023e+00 1.000000000000000000e+00
2.390242338180541992e+00 2.490123033523559570e+00 1.000000000000000000e+00
2.386773586273193359e+00 3.266361236572265625e+00 1.000000000000000000e+00
2.371393680572509766e+00 2.798176050186157227e+00 1.000000000000000000e+00
2.349562406539916992e+00 2.453552484512329102e+00 1.000000000000000000e+00
2.346586704254150391e+00 2.415030002593994141e+00 1.000000000000000000e+00
2.339823246002197266e+00 2.394704580307006836e+00 1.000000000000000000e+00
2.314089298248291016e+00 2.528905868530273438e+00 1.000000000000000000e+00
2.313582181930541992e+00 2.650569677352905273e+00 1.000000000000000000e+00
2.309098720550537109e+00 2.621040582656860352e+00 1.000000000000000000e+00
2.307832956314086914e+00 2.440969705581665039e+00 1.000000000000000000e+00
2.293401002883911133e+00 2.893712759017944336e+00 1.000000000000000000e+00
2.271729230880737305e+00 2.328873872756958008e+00 1.000000000000000000e+00
2.269875526428222656e+00 2.569609403610229492e+00 1.000000000000000000e+00
2.268702507019042969e+00 2.431765317916870117e+00 1.000000000000000000e+00
2.259170293807983398e+00 2.579986095428466797e+00 1.000000000000000000e+00
2.247273206710815430e+00 3.015836000442504883e+00 1.000000000000000000e+00
2.232057332992553711e+00 2.848382949829101562e+00 1.000000000000000000e+00
2.229182720184326172e+00 2.297020912170410156e+00 1.000000000000000000e+00
2.223640203475952148e+00 2.542993545532226562e+00 1.000000000000000000e+00
2.216955900192260742e+00 2.418292760848999023e+00 1.000000000000000000e+00
2.215779304504394531e+00 2.242231607437133789e+00 1.000000000000000000e+00
2.212825775146484375e+00 2.309789419174194336e+00 1.000000000000000000e+00
2.203822612762451172e+00 2.598816156387329102e+00 1.000000000000000000e+00
2.178353309631347656e+00 2.411289691925048828e+00 1.000000000000000000e+00
2.175076007843017578e+00 2.697782754898071289e+00 1.000000000000000000e+00
2.174723863601684570e+00 2.555628776550292969e+00 1.000000000000000000e+00
2.173127174377441406e+00 2.769398212432861328e+00 1.000000000000000000e+00
2.170587062835693359e+00 2.725991725921630859e+00 1.000000000000000000e+00
2.169256210327148438e+00 2.784359455108642578e+00 1.000000000000000000e+00
2.168610095977783203e+00 2.566444158554077148e+00 1.000000000000000000e+00
2.160929441452026367e+00 2.289491176605224609e+00 1.000000000000000000e+00
2.159916162490844727e+00 2.363515853881835938e+00 1.000000000000000000e+00
2.138534307479858398e+00 2.668447971343994141e+00 1.000000000000000000e+00
2.122316598892211914e+00 2.611959695816040039e+00 1.000000000000000000e+00
2.097328901290893555e+00 2.183820247650146484e+00 1.000000000000000000e+00
2.086230278015136719e+00 2.178464889526367188e+00 1.000000000000000000e+00
2.081600904464721680e+00 2.444077730178833008e+00 1.000000000000000000e+00
2.061925172805786133e+00 2.274729728698730469e+00 1.000000000000000000e+00
2.061354160308837891e+00 2.385158300399780273e+00 1.000000000000000000e+00
2.046109199523925781e+00 2.101414203643798828e+00 1.000000000000000000e+00
2.037304639816284180e+00 2.307068586349487305e+00 1.000000000000000000e+00
1.983602523803710938e+00 2.131971359252929688e+00 1.000000000000000000e+00
1.957987666130065918e+00 2.162652254104614258e+00 1.000000000000000000e+00
1.841316938400268555e+00 2.242231607437133789e+00 1.000000000000000000e+00
1.829693078994750977e+00 2.031591653823852539e+00 1.000000000000000000e+00
1.644580125808715820e+00 1.696279406547546387e+00 1.000000000000000000e+00
1.639388322830200195e+00 2.034064531326293945e+00 1.000000000000000000e+00
1.624693632125854492e+00 1.831522583961486816e+00 1.000000000000000000e+00
1.608717203140258789e+00 1.613999843597412109e+00 1.000000000000000000e+00
1.354762792587280273e+00 1.504140496253967285e+00 1.000000000000000000e+00
6.333204269409179688e+00 6.668176651000976562e+00 2.000000000000000000e+00
5.335024356842041016e+00 5.482667922973632812e+00 2.000000000000000000e+00
5.026956081390380859e+00 5.055128574371337891e+00 2.000000000000000000e+00
4.970626354217529297e+00 5.009630203247070312e+00 2.000000000000000000e+00
4.748866081237792969e+00 4.753327369689941406e+00 2.000000000000000000e+00
4.702707767486572266e+00 4.854184627532958984e+00 2.000000000000000000e+00
4.591513156890869141e+00 4.669877529144287109e+00 2.000000000000000000e+00
4.580932140350341797e+00 4.685498714447021484e+00 2.000000000000000000e+00
4.520521163940429688e+00 4.547724246978759766e+00 2.000000000000000000e+00
4.469344615936279297e+00 4.612245559692382812e+00 2.000000000000000000e+00
4.342972278594970703e+00 4.368555545806884766e+00 2.000000000000000000e+00
4.265250205993652344e+00 4.349514007568359375e+00 2.000000000000000000e+00
4.206057071685791016e+00 4.253612518310546875e+00 2.000000000000000000e+00
4.202932834625244141e+00 4.326562881469726562e+00 2.000000000000000000e+00
4.117090702056884766e+00 4.190781593322753906e+00 2.000000000000000000e+00
3.993926763534545898e+00 4.075329303741455078e+00 2.000000000000000000e+00
3.970803022384643555e+00 4.321251869201660156e+00 2.000000000000000000e+00
3.930634260177612305e+00 3.934434652328491211e+00 2.000000000000000000e+00
3.844277858734130859e+00 3.898468732833862305e+00 2.000000000000000000e+00
3.786869525909423828e+00 3.790558338165283203e+00 2.000000000000000000e+00
3.774734020233154297e+00 3.784995317459106445e+00 2.000000000000000000e+00
3.750037670135498047e+00 3.972331523895263672e+00 2.000000000000000000e+00
3.714860677719116211e+00 4.075329303741455078e+00 2.000000000000000000e+00
3.656533718109130859e+00 3.736279726028442383e+00 2.000000000000000000e+00
3.629099369049072266e+00 3.799769878387451172e+00 2.000000000000000000e+00
3.578500509262084961e+00 3.590108871459960938e+00 2.000000000000000000e+00
3.574974536895751953e+00 3.674439668655395508e+00 2.000000000000000000e+00
3.566427469253540039e+00 3.735913991928100586e+00 2.000000000000000000e+00
3.561318635940551758e+00 3.835438489913940430e+00 2.000000000000000000e+00
3.561016559600830078e+00 3.793273210525512695e+00 2.000000000000000000e+00
3.547963857650756836e+00 3.776533842086791992e+00 2.000000000000000000e+00
3.536634922027587891e+00 3.608413934707641602e+00 2.000000000000000000e+00
3.524091005325317383e+00 3.556064844131469727e+00 2.000000000000000000e+00
3.513697624206542969e+00 3.719041347503662109e+00 2.000000000000000000e+00
3.511272192001342773e+00 3.565124988555908203e+00 2.000000000000000000e+00
3.496494293212890625e+00 3.616924047470092773e+00 2.000000000000000000e+00
3.491700172424316406e+00 3.514249801635742188e+00 2.000000000000000000e+00
3.463622093200683594e+00 3.474065542221069336e+00 2.000000000000000000e+00
3.459016561508178711e+00 3.500790357589721680e+00 2.000000000000000000e+00
3.428363561630249023e+00 3.603250980377197266e+00 2.000000000000000000e+00
3.418146133422851562e+00 3.508106231689453125e+00 2.000000000000000000e+00
3.411771535873413086e+00 3.567451000213623047e+00 2.000000000000000000e+00
3.410181999206542969e+00 3.849684238433837891e+00 2.000000000000000000e+00
3.405261278152465820e+00 3.494620800018310547e+00 2.000000000000000000e+00
3.404165506362915039e+00 3.440066576004028320e+00 2.000000000000000000e+00
3.345549106597900391e+00 3.656628131866455078e+00 2.000000000000000000e+00
3.335694551467895508e+00 3.350151062011718750e+00 2.000000000000000000e+00
3.306463003158569336e+00 3.623119831085205078e+00 2.000000000000000000e+00
3.268306732177734375e+00 3.339991331100463867e+00 2.000000000000000000e+00
3.249589681625366211e+00 3.395428657531738281e+00 2.000000000000000000e+00
3.145468950271606445e+00 3.214638233184814453e+00 2.000000000000000000e+00
3.144940137863159180e+00 3.188040971755981445e+00 2.000000000000000000e+00
3.116042852401733398e+00 3.353605508804321289e+00 2.000000000000000000e+00
2.993131160736083984e+00 3.040183305740356445e+00 2.000000000000000000e+00
2.891010284423828125e+00 2.894556522369384766e+00 2.000000000000000000e+00
2.816254377365112305e+00 2.977934837341308594e+00 2.000000000000000000e+00
2.731120109558105469e+00 2.834832668304443359e+00 2.000000000000000000e+00
2.705277919769287109e+00 2.717983961105346680e+00 2.000000000000000000e+00
2.659685611724853516e+00 2.698424816131591797e+00 2.000000000000000000e+00
2.303665399551391602e+00 2.334785938262939453e+00 2.000000000000000000e+00
4.465778350830078125e+00 4.475417137145996094e+00 3.000000000000000000e+00
4.094516277313232422e+00 4.129915237426757812e+00 3.000000000000000000e+00
3.868647813796997070e+00 3.989300966262817383e+00 3.000000000000000000e+00
3.803005456924438477e+00 3.990849971771240234e+00 3.000000000000000000e+00
3.800361633300781250e+00 3.843051671981811523e+00 3.000000000000000000e+00
3.740135669708251953e+00 3.767337560653686523e+00 3.000000000000000000e+00
3.728378057479858398e+00 3.794784069061279297e+00 3.000000000000000000e+00
