-7.477373123168945312e+00 -5.012729644775390625e+00 8.466407775878906250e+00 2.065226554870605469e+00 3.890413999557495117e+00
8.577653169631958008e-01 1.475841045379638672e+00 -5.204917907714843750e+00 4.822786331176757812e+00 7.466031074523925781e+00
-7.211117267608642578e+00 -5.415890693664550781e+00 7.098192214965820312e+00 -2.086890697479248047e+00 4.603271484375000000e+00
-3.799503564834594727e+00 -1.003818702697753906e+01 -1.720229983329772949e+00 -3.670431137084960938e+00 1.019570255279541016e+01
-1.622596859931945801e+00 5.944519042968750000e-01 -1.596787452697753906e+00 7.047036170959472656e+00 7.017189025878906250e+00
-4.653822898864746094e+00 -9.699584007263183594e+00 9.364461898803710938e+00 -2.207419157028198242e+00 2.956902742385864258e+00
-7.385728836059570312e+00 -6.321878433227539062e+00 8.442371368408203125e+00 -1.012866258621215820e+00 4.116445541381835938e+00
-3.875491619110107422e+00 -7.531040191650390625e+00 -3.901144742965698242e+00 -2.161978960037231445e+00 9.511487007141113281e+00
-7.797387599945068359e+00 -7.508052825927734375e+00 3.076086342334747314e-01 -3.838910579681396484e+00 5.379962444305419922e+00
-3.623559236526489258e+00 -1.252516031265258789e+00 -5.349643707275390625e+00 6.782385349273681641e+00 2.445915937423706055e+00
-3.314915180206298828e+00 3.616619408130645752e-01 -5.654310584068298340e-01 2.659931898117065430e+00 7.013941287994384766e+00
1.394798398017883301e+00 -9.858186721801757812e+00 -5.323242664337158203e+00 -6.104701161384582520e-01 1.193968772888183594e+01
-4.779780864715576172e+00 -9.352800369262695312e+00 6.716548442840576172e+00 -2.479165792465209961e+00 9.887520790100097656e+00
-6.629492342472076416e-02 -5.251525402069091797e+00 -7.731829881668090820e-01 7.891817569732666016e+00 7.980226993560791016e+00
1.466622829437255859e+00 5.368496775627136230e-01 -1.934114456176757812e+00 3.418701648712158203e+00 2.645901441574096680e+00
-4.097955226898193359e+00 -1.264735984802246094e+01 -5.051717281341552734e+00 -5.577921867370605469e+00 1.014128780364990234e+01
-1.198243498802185059e+00 -1.115854072570800781e+01 -5.698043346405029297e+00 1.968398094177246094e+00 1.042720699310302734e+01
-2.756447315216064453e+00 -9.050465583801269531e+00 -2.625707864761352539e+00 -9.126274585723876953e-01 1.155847167968750000e+01
-5.991743564605712891e+00 -4.696742534637451172e+00 1.092804145812988281e+01 -3.097224950790405273e+00 2.388484716415405273e+00
-3.965619802474975586e+00 -6.336683273315429688e+00 8.775471687316894531e+00 -2.756725072860717773e+00 4.057232856750488281e+00
-3.764291524887084961e+00 -1.933292388916015625e+00 1.202047443389892578e+01 -4.034640312194824219e+00 1.178367733955383301e+00
2.062762737274169922e+00 3.385624408721923828e+00 -1.060097336769104004e+00 6.257424354553222656e+00 6.857662200927734375e+00
-2.194324254989624023e+00 -1.591047048568725586e+00 -2.407044410705566406e+00 4.340304374694824219e+00 5.161757946014404297e+00
-8.257104158401489258e-01 -1.167952728271484375e+01 -7.168098926544189453e+00 6.352931261062622070e-01 6.162724971771240234e+00
-3.054944515228271484e+00 -7.468851566314697266e+00 6.817951679229736328e+00 -3.916070938110351562e+00 5.804421901702880859e+00
-5.090028285980224609e+00 -2.675046682357788086e+00 1.247951316833496094e+01 -4.093186855316162109e+00 4.686336517333984375e+00
-1.771009206771850586e+00 -2.592565774917602539e+00 -5.101448059082031250e+00 6.276569366455078125e+00 5.822364807128906250e+00
-1.676217555999755859e+00 -7.241833686828613281e+00 -5.657389163970947266e+00 -5.601772308349609375e+00 1.033668804168701172e+01
5.813145637512207031e-01 -9.797670364379882812e+00 -4.155199050903320312e+00 -4.588025093078613281e+00 7.657459259033203125e+00
-3.515577554702758789e+00 -8.069285392761230469e+00 -7.877835750579833984e+00 3.505044221878051758e+00 9.819418907165527344e+00
-8.715200424194335938e+00 -7.602524280548095703e+00 9.835542678833007812e+00 -3.164199829101562500e+00 6.205385684967041016e+00
-1.964261174201965332e+00 -1.034076881408691406e+01 -4.177958965301513672e+00 -2.901350975036621094e+00 8.950222969055175781e+00
-1.463810324668884277e+00 -1.886851072311401367e+00 -4.219669342041015625e+00 2.231724023818969727e+00 6.560716629028320312e+00
-2.217179298400878906e+00 -8.041782379150390625e+00 8.465011596679687500e+00 -4.107003688812255859e+00 7.168469905853271484e+00
-1.970847487449645996e+00 -1.471346974372863770e+00 -3.450478792190551758e+00 3.731442689895629883e+00 5.417249679565429688e+00
-1.905188679695129395e+00 -2.607269287109375000e+00 -2.860186815261840820e+00 3.808563709259033203e+00 6.181211471557617188e+00
-1.775592565536499023e+00 -2.102670073509216309e-01 2.992896318435668945e+00 2.239255428314208984e+00 7.542304039001464844e+00
-1.751544356346130371e+00 -1.081939697265625000e+01 -5.025818824768066406e+00 3.526556193828582764e-01 9.177948951721191406e+00
-7.395074844360351562e+00 9.624452590942382812e-01 -1.558821558952331543e+00 6.952110290527343750e+00 5.003564834594726562e+00
6.807965636253356934e-01 -1.087164211273193359e+01 -6.190454959869384766e+00 -4.024080753326416016e+00 7.703568458557128906e+00
-1.415875673294067383e+00 -2.609503746032714844e+00 -1.688192486763000488e+00 5.854205608367919922e+00 3.915424108505249023e+00
-3.076743364334106445e+00 -1.433787703514099121e+00 -6.125671386718750000e+00 2.329666137695312500e+00 8.133142471313476562e+00
-2.796186923980712891e+00 -1.785097718238830566e+00 -2.137233018875122070e+00 4.047424316406250000e+00 5.447446823120117188e+00
-7.713483333587646484e+00 -9.784365653991699219e+00 1.078777503967285156e+01 -1.335762619972229004e+00 5.150814056396484375e+00
1.887411236763000488e+00 -1.277274131774902344e+01 -3.744009256362915039e+00 -2.226489305496215820e+00 5.894424915313720703e+00
-4.555655717849731445e-01 -1.156175994873046875e+01 -3.336620807647705078e+00 1.656797230243682861e-01 9.606101989746093750e+00
-4.329492092132568359e+00 -8.687286376953125000e+00 5.942893981933593750e+00 -3.300510168075561523e+00 4.766037940979003906e+00
-8.280399322509765625e+00 -8.110451698303222656e+00 9.641610145568847656e+00 -3.038373708724975586e+00 6.255300521850585938e+00
-2.417179346084594727e+00 -1.131578636169433594e+01 -5.936580181121826172e+00 -4.588425636291503906e+00 9.939739227294921875e+00
-2.244298934936523438e+00 -6.808661222457885742e-01 -2.463741779327392578e+00 5.897959232330322266e+00 6.609024047851562500e+00
-7.573726177215576172e+00 -8.952965736389160156e+00 7.517456531524658203e+00 -7.179281234741210938e+00 8.756623268127441406e+00
-9.513297677040100098e-01 -5.416275501251220703e+00 -3.653248786926269531e+00 -7.152894735336303711e-01 7.504955768585205078e+00
9.734219312667846680e-01 -3.307172954082489014e-01 -2.630098342895507812e+00 1.511645317077636719e+00 6.119658470153808594e+00
-2.515667438507080078e+00 -7.517580509185791016e+00 -3.415543079376220703e+00 -3.963726758956909180e+00 8.724280357360839844e+00
-1.100694537162780762e+00 -1.038497734069824219e+01 -6.764246821403503418e-01 -4.306677818298339844e+00 9.210932731628417969e+00
-6.122381687164306641e+00 -9.665906906127929688e+00 1.010223674774169922e+01 -4.136177062988281250e+00 3.752454042434692383e+00
-9.980939030647277832e-01 -7.209963798522949219e+00 -8.472101211547851562e+00 -3.688849687576293945e+00 1.015306472778320312e+01
-2.911468982696533203e+00 -1.096360969543457031e+01 -1.226602673530578613e+00 -5.282041430473327637e-01 7.687678813934326172e+00
-1.067190170288085938e-01 -1.030069065093994141e+01 -5.637155055999755859e+00 1.085994243621826172e+00 6.458167552947998047e+00
-4.871286392211914062e+00 -6.684424877166748047e+00 1.000489139556884766e+01 -2.205863714218139648e+00 6.060949325561523438e+00
2.298876456916332245e-02 -2.029109477996826172e+00 -4.359082698822021484e+00 6.890919208526611328e+00 6.356378555297851562e+00
-3.513554811477661133e+00 -9.976074218750000000e+00 -7.041587829589843750e+00 -2.682470321655273438e+00 6.983605384826660156e+00
1.509358763694763184e+00 -1.341056823730468750e+01 -4.963652133941650391e+00 -1.750662326812744141e+00 8.985655784606933594e+00
-5.615779399871826172e+00 -7.606310844421386719e+00 1.161863613128662109e+01 1.483178287744522095e-01 3.629431247711181641e+00
-1.789105772972106934e+00 -1.411072444915771484e+01 -6.795183658599853516e+00 -1.369275927543640137e+00 1.003792953491210938e+01
-2.591410398483276367e+00 -1.824129939079284668e+00 -8.475599288940429688e-01 3.843661785125732422e+00 6.391584873199462891e+00
-1.137157559394836426e+00 -8.542716026306152344e+00 -6.496941566467285156e+00 -2.140286684036254883e+00 9.602149009704589844e+00
-2.787507534027099609e+00 -1.157410717010498047e+01 -5.438850879669189453e+00 -5.491129398345947266e+00 1.147786903381347656e+01
-2.913069725036621094e+00 -1.089893436431884766e+01 -5.658749580383300781e+00 -1.707653522491455078e+00 7.310226917266845703e+00
-6.408980846405029297e+00 -6.565433025360107422e+00 3.678496837615966797e+00 -5.688464641571044922e+00 9.511809349060058594e+00
-1.997948288917541504e+00 -1.045323753356933594e+01 -5.995878219604492188e+00 -1.773797273635864258e+00 9.355079650878906250e+00
-4.393338680267333984e+00 -4.226830959320068359e+00 8.747621536254882812e+00 -1.442879438400268555e+00 2.863745689392089844e+00
1.538356542587280273e+00 -1.096311926841735840e+00 -2.795157670974731445e+00 2.241039276123046875e+00 5.659120082855224609e+00
-3.540950298309326172e+00 -9.183530807495117188e+00 -6.775706291198730469e+00 -2.660271883010864258e+00 9.546584129333496094e+00
-1.439099431037902832e+00 5.654585957527160645e-01 -2.523399591445922852e+00 5.565395355224609375e+00 3.813892841339111328e+00
-7.936900138854980469e+00 -3.051546335220336914e+00 9.538351058959960938e+00 -3.006715297698974609e+00 7.614480972290039062e+00
-5.456314682960510254e-01 -1.817455291748046875e+00 1.563655436038970947e-01 5.016713142395019531e+00 1.840097546577453613e+00
-6.389822006225585938e+00 -6.092359066009521484e+00 9.722846984863281250e+00 -3.805573463439941406e+00 6.169400215148925781e+00
8.494574576616287231e-02 -5.551347136497497559e-01 -3.848693370819091797e+00 2.628652811050415039e+00 6.139816284179687500e+00
-7.269394397735595703e+00 -7.350642204284667969e+00 1.172294998168945312e+01 -2.481148958206176758e+00 2.830223321914672852e+00
-2.301638603210449219e+00 -1.751806735992431641e+00 -1.842471957206726074e+00 6.232520580291748047e+00 6.435667991638183594e+00
-6.393122196197509766e+00 -8.531831741333007812e+00 9.679974555969238281e+00 -3.043102979660034180e+00 8.432593345642089844e+00
-1.970855712890625000e+00 -8.515855789184570312e+00 -5.887262344360351562e+00 -1.808099746704101562e+00 7.825851917266845703e+00
-4.391968250274658203e+00 -9.189163208007812500e+00 6.721795082092285156e+00 -5.952529907226562500e-01 4.801801681518554688e+00
-3.956530094146728516e+00 -7.472564220428466797e+00 7.213757991790771484e+00 -3.012439966201782227e+00 8.432045936584472656e+00
2.585046179592609406e-02 -1.190044593811035156e+01 -5.777020931243896484e+00 -4.931170940399169922e+00 7.050993919372558594e+00
5.283022522926330566e-01 -1.304902315139770508e+00 -2.147042274475097656e+00 1.209523081779479980e+00 6.315738201141357422e+00
-4.721613883972167969e+00 -4.073824405670166016e+00 -2.327415943145751953e+00 3.100797176361083984e+00 3.550517082214355469e+00
-6.235142230987548828e+00 -9.406327247619628906e+00 6.101058959960937500e+00 -1.280908584594726562e+00 8.593067169189453125e+00
7.279809117317199707e-01 2.642884731292724609e+00 -9.849474430084228516e-01 6.056960582733154297e+00 2.971733808517456055e+00
-7.066918611526489258e-01 -9.271673202514648438e+00 9.760476112365722656e+00 -1.566630125045776367e+00 6.042409896850585938e+00
-1.070967502892017365e-02 -1.277816581726074219e+01 -8.240159988403320312e+00 -3.217456340789794922e+00 8.114523887634277344e+00
-1.361811637878417969e+00 -3.474645853042602539e+00 -3.498982191085815430e+00 7.784199714660644531e+00 7.793105125427246094e+00
-5.022692680358886719e+00 -9.845982551574707031e+00 -6.118700981140136719e+00 -1.797659397125244141e+00 8.655723571777343750e+00
-8.365353584289550781e+00 -6.014507293701171875e+00 6.414327621459960938e+00 -2.048914670944213867e+00 8.218379974365234375e+00
-7.760111808776855469e+00 -7.902254581451416016e+00 1.144086837768554688e+01 -5.970232009887695312e+00 2.855335712432861328e+00
-1.834942460060119629e+00 -2.748998880386352539e+00 -3.033955097198486328e+00 6.644846916198730469e+00 4.012603282928466797e+00
-1.651183009147644043e+00 -1.022775840759277344e+01 -6.396968841552734375e+00 -1.573364138603210449e+00 1.001526069641113281e+01
7.287414073944091797e-01 -1.173511505126953125e+01 -6.482532978057861328e+00 -2.321766853332519531e+00 7.568878173828125000e+00
-1.725354075431823730e+00 -8.480009078979492188e+00 -2.918980121612548828e+00 -3.069991350173950195e+00 7.203866958618164062e+00
-5.754430294036865234e-01 -5.599953651428222656e+00 1.266278076171875000e+01 -1.705853343009948730e+00 3.527638912200927734e+00
-4.361516952514648438e+00 -7.736529350280761719e+00 9.742253303527832031e+00 -4.794023513793945312e+00 8.637404441833496094e+00
-1.780409812927246094e+00 -9.837224006652832031e+00 -2.469932556152343750e+00 -3.992431163787841797e+00 1.082408428192138672e+01
-2.152008295059204102e+00 -1.337096810340881348e+00 2.725416421890258789e-01 3.725340843200683594e+00 6.052847862243652344e+00
-3.576273918151855469e+00 -8.610258102416992188e-01 -3.276466369628906250e+00 1.152453184127807617e+00 5.384226799011230469e+00
-2.006132125854492188e+00 -7.583308696746826172e+00 -6.365250587463378906e+00 -2.700721263885498047e+00 1.176497936248779297e+01
-2.321030139923095703e+00 -1.140074062347412109e+01 -1.430717229843139648e+00 -1.554822623729705811e-01 7.972144603729248047e+00
-2.723481416702270508e+00 -1.293646574020385742e+00 -3.447257757186889648e+00 2.946613788604736328e+00 5.033852577209472656e+00
-1.090170860290527344e+00 -7.936809539794921875e+00 -5.662686824798583984e+00 -2.694468736648559570e+00 1.114132881164550781e+01
-5.796113967895507812e+00 -6.914395332336425781e+00 8.785618782043457031e+00 -5.030281066894531250e+00 7.576102256774902344e+00
-3.211948871612548828e+00 -9.528216361999511719e+00 -6.240582466125488281e+00 -6.560260653495788574e-01 8.189951896667480469e+00
-1.983481645584106445e+00 -8.627680778503417969e+00 -4.606874465942382812e+00 -3.326618909835815430e+00 6.411505699157714844e+00
-1.090331554412841797e+01 -6.192725181579589844e+00 9.916990280151367188e+00 -4.248198509216308594e+00 6.448927879333496094e+00
6.036057472229003906e-01 -9.911286354064941406e+00 -4.497926235198974609e+00 -1.008770823478698730e+00 8.446699142456054688e+00
-2.221642494201660156e+00 -6.653848648071289062e+00 8.146778106689453125e+00 -3.314676046371459961e+00 2.168302536010742188e+00
-8.489779472351074219e+00 -9.940304756164550781e+00 9.419363021850585938e+00 -3.069630861282348633e+00 6.567331314086914062e+00
-8.164674758911132812e+00 -7.353571891784667969e+00 9.754944801330566406e+00 -3.186629295349121094e+00 2.068133354187011719e+00
-1.617243766784667969e+00 -4.136225283145904541e-01 -4.941200256347656250e+00 2.804223537445068359e+00 6.549663543701171875e+00
-1.754505991935729980e+00 -3.837834119796752930e+00 -2.908646583557128906e+00 5.671243667602539062e+00 5.798209190368652344e+00
-1.274748921394348145e+00 1.345327019691467285e+00 -4.212242364883422852e-01 2.469693422317504883e+00 5.739650726318359375e+00
-1.261190414428710938e+00 -1.300372958183288574e+00 -7.241510391235351562e+00 3.652975559234619141e+00 6.148813724517822266e+00
-6.642699241638183594e+00 -6.359254360198974609e+00 8.032024383544921875e+00 -6.150200843811035156e+00 8.560324668884277344e+00
-4.307261466979980469e+00 -9.051694869995117188e+00 9.150043487548828125e+00 -1.917981505393981934e+00 2.792201757431030273e+00
1.274612665176391602e+00 -9.536094665527343750e+00 -5.616016387939453125e+00 -4.364447116851806641e+00 1.012337589263916016e+01
-1.564609766006469727e+00 1.978750079870223999e-01 9.890468716621398926e-01 2.125638008117675781e+00 7.731714725494384766e+00
-1.327168345451354980e+00 -1.065910434722900391e+01 -5.000146865844726562e+00 -1.303678393363952637e+00 8.164996147155761719e+00
-6.663494110107421875e+00 -1.176673507690429688e+01 -2.654381275177001953e+00 -3.330284118652343750e+00 9.521478652954101562e+00
-4.425648689270019531e+00 2.940844058990478516e+00 -5.245414257049560547e+00 4.764743328094482422e+00 2.997163295745849609e+00
-2.552433729171752930e+00 -4.408849716186523438e+00 -1.884692668914794922e+00 1.588213205337524414e+00 6.806284904479980469e+00
-7.653695583343505859e+00 -6.160376548767089844e+00 9.833483695983886719e+00 -4.976135730743408203e+00 7.521505355834960938e+00
1.141695380210876465e+00 -7.231222629547119141e+00 1.036763191223144531e+01 9.324041008949279785e-01 5.017892360687255859e+00
-2.082744121551513672e+00 -1.245801162719726562e+01 -9.229396820068359375e+00 -4.312964439392089844e+00 7.386750698089599609e+00
4.638610363006591797e+00 -7.433069229125976562e+00 -4.594271183013916016e+00 -6.168857216835021973e-01 9.802941322326660156e+00
-4.325291633605957031e+00 -7.678938388824462891e+00 9.875901222229003906e+00 -1.925174951553344727e+00 6.686388015747070312e+00
-3.372521400451660156e+00 -2.145997762680053711e+00 -2.430973291397094727e+00 3.789608001708984375e+00 6.753001213073730469e+00
-3.830791950225830078e+00 -9.721131324768066406e+00 9.666474342346191406e+00 2.063599348068237305e+00 6.501622200012207031e+00
-2.979777812957763672e+00 -1.190575504302978516e+01 -7.988274097442626953e+00 -9.377677440643310547e-01 6.660720825195312500e+00
1.261171936988830566e+00 -1.383340072631835938e+01 -3.967028141021728516e+00 -3.796813249588012695e+00 1.171569156646728516e+01
9.014061093330383301e-01 -8.570503592491149902e-01 -5.319365978240966797e+00 3.114343881607055664e+00 5.895659923553466797e+00
-6.721236109733581543e-01 -1.148035335540771484e+01 -7.997488021850585938e+00 -2.589453220367431641e+00 1.252676105499267578e+01
-6.250942230224609375e+00 -7.030809402465820312e+00 4.841827869415283203e+00 -2.546270608901977539e+00 8.164799690246582031e+00
-1.184125900268554688e+00 -9.093905240297317505e-02 -1.010437488555908203e+00 7.473854541778564453e+00 7.764300346374511719e+00
-4.514538764953613281e+00 -7.009532928466796875e+00 1.200637340545654297e+01 -2.951955556869506836e+00 7.795571327209472656e+00
-9.796095848083496094e+00 -9.984645843505859375e+00 6.889200210571289062e+00 -5.110198497772216797e+00 6.946452617645263672e+00
-3.240431785583496094e+00 -6.801962375640869141e+00 -4.369245529174804688e+00 -2.949973583221435547e+00 1.149917984008789062e+01
-2.908552646636962891e+00 -6.371929645538330078e+00 -1.620493829250335693e-01 1.717847347259521484e+00 7.955572128295898438e+00
-1.622855544090270996e+00 -1.807462930679321289e+00 -2.479337215423583984e+00 9.678742408752441406e+00 3.837022781372070312e+00
2.218307495117187500e+00 -8.228648185729980469e+00 -5.790563583374023438e+00 -3.118924200534820557e-01 9.780149459838867188e+00
-2.068508625030517578e+00 -4.947864055633544922e+00 7.708585739135742188e+00 -4.146103382110595703e+00 3.036734580993652344e+00
4.011881351470947266e+00 -3.329159259796142578e+00 -5.424169063568115234e+00 5.427865505218505859e+00 7.324621677398681641e+00
-5.693511962890625000e+00 -7.961950778961181641e+00 6.028733730316162109e+00 -2.567788362503051758e+00 7.412560462951660156e+00
-2.456438541412353516e+00 -6.015464067459106445e-01 -1.350548505783081055e+00 4.835055828094482422e+00 3.657343149185180664e+00
-1.058052301406860352e+00 -2.147102594375610352e+00 1.358993172645568848e+00 7.591744899749755859e+00 8.563780784606933594e+00
-3.674067735671997070e+00 -2.200436443090438843e-01 -2.979361414909362793e-01 8.300232887268066406e+00 7.964345932006835938e+00
-4.555317401885986328e+00 -5.710877895355224609e+00 6.365713596343994141e+00 -1.450601100921630859e+00 6.047469615936279297e+00
2.092011213302612305e+00 -1.176290893554687500e+01 -3.493956089019775391e+00 -1.526251792907714844e+00 8.343213081359863281e+00
-5.040785312652587891e+00 -1.044493794441223145e+00 -7.493417263031005859e-01 5.265407562255859375e+00 4.850695133209228516e+00
-4.953153610229492188e+00 -4.395351409912109375e+00 8.455871582031250000e+00 -1.768148422241210938e+00 6.082152843475341797e+00
-1.881196856498718262e+00 -9.284723281860351562e+00 -5.075318813323974609e+00 -4.234120368957519531e+00 5.152650833129882812e+00
-3.061384439468383789e+00 -8.928101539611816406e+00 -6.384852409362792969e+00 -3.256258010864257812e+00 9.027123451232910156e+00
-5.492779731750488281e+00 -8.264540672302246094e+00 1.092668628692626953e+01 -1.992590308189392090e+00 6.166958332061767578e+00
-1.980243444442749023e+00 -7.636139392852783203e+00 -5.229018688201904297e+00 -4.004536151885986328e+00 1.243326377868652344e+01
-4.063446998596191406e+00 -6.765544414520263672e+00 9.495063781738281250e+00 -1.970741510391235352e+00 3.654585599899291992e+00
-8.145067095756530762e-01 -1.031476116180419922e+01 -7.595191001892089844e+00 -4.394696712493896484e+00 7.182944774627685547e+00
-1.038579583168029785e+00 -8.082151412963867188e-01 -3.605866909027099609e+00 8.214530944824218750e+00 3.430771112442016602e+00
1.867293417453765869e-01 -9.135768890380859375e+00 -4.883054733276367188e+00 -2.535906791687011719e+00 9.129845619201660156e+00
-3.830409049987792969e+00 -8.197214126586914062e+00 -3.030397891998291016e+00 -2.085238456726074219e+00 4.536224842071533203e+00
-6.512277603149414062e+00 -7.764850139617919922e+00 5.068510532379150391e+00 -3.471291303634643555e+00 6.363555908203125000e+00
-9.064630270004272461e-01 -3.460105419158935547e+00 -1.778659701347351074e+00 4.111322879791259766e+00 6.005787849426269531e+00
-5.778040885925292969e+00 -1.122255897521972656e+01 4.472084522247314453e+00 -3.342897415161132812e+00 6.884771823883056641e+00
-3.121098995208740234e+00 -1.228469848632812500e+00 -1.355111718177795410e+00 4.155128479003906250e+00 7.382710933685302734e+00
3.342959165573120117e+00 -9.923076629638671875e+00 -6.043078422546386719e+00 -1.983998775482177734e+00 1.072164058685302734e+01
-2.755121469497680664e+00 -9.344438552856445312e+00 -3.105040073394775391e+00 -2.782270669937133789e+00 8.659963607788085938e+00
2.267944812774658203e+00 -1.831991791725158691e+00 -2.837435722351074219e+00 2.425111293792724609e+00 6.202217578887939453e+00
-2.778455317020416260e-01 -3.122808218002319336e+00 -4.836252689361572266e+00 4.004065990447998047e+00 6.570116519927978516e+00
-5.423627853393554688e+00 -6.329598903656005859e+00 7.011785984039306641e+00 -3.823724746704101562e+00 4.910305023193359375e+00
-9.971285462379455566e-01 -2.891947984695434570e+00 -2.617322921752929688e+00 5.200091361999511719e+00 1.963384151458740234e+00
-7.174796581268310547e+00 -3.962137937545776367e+00 7.600843906402587891e+00 -1.232986450195312500e+00 6.490925788879394531e+00
-4.902746677398681641e+00 1.368540167808532715e+00 -4.749571979045867920e-01 3.419363796710968018e-01 8.062519073486328125e+00
-1.865797996520996094e+00 -1.010125637054443359e+01 -5.505979537963867188e+00 -7.993682622909545898e-01 1.182915973663330078e+01
-8.217526674270629883e-01 -9.144762039184570312e+00 -3.504660129547119141e+00 -2.347206830978393555e+00 1.384582519531250000e+01
-7.291805744171142578e+00 -2.914470434188842773e+00 9.143971443176269531e+00 -3.370096921920776367e+00 4.727096557617187500e+00
-2.403976440429687500e+00 -5.598308563232421875e+00 7.243467330932617188e+00 -2.788996458053588867e+00 7.238876819610595703e+00
-9.603927135467529297e-01 -1.179973411560058594e+01 -4.838881492614746094e+00 -4.495015144348144531e+00 9.183478355407714844e+00
-8.319329261779785156e+00 -9.504220008850097656e+00 7.234093189239501953e+00 -3.945800781250000000e+00 5.969382286071777344e+00
2.265323877334594727e+00 -1.097715473175048828e+01 -1.280625224113464355e+00 -3.246718645095825195e+00 9.063170433044433594e+00
-6.010765075683593750e+00 -4.859223365783691406e+00 8.489036560058593750e+00 -2.991677045822143555e+00 8.985598683357238770e-01
-2.370687961578369141e+00 -5.012508869171142578e+00 5.639213085174560547e+00 -7.589060306549072266e+00 7.904526233673095703e+00
-2.732395648956298828e+00 -1.148975467681884766e+01 -5.188728332519531250e+00 -3.347810506820678711e+00 1.209731006622314453e+01
-3.864542722702026367e+00 5.870509147644042969e-01 -1.281704068183898926e+00 2.336674928665161133e+00 1.725415229797363281e+00
-1.539528727531433105e+00 -6.194894313812255859e+00 -2.116708755493164062e+00 7.734108448028564453e+00 4.084722518920898438e+00
-1.145451784133911133e+00 -2.455233812332153320e+00 -5.457816600799560547e+00 -1.562979698181152344e+00 1.036569690704345703e+01
-5.777344703674316406e-01 -4.975916445255279541e-01 9.498566389083862305e-02 5.263236522674560547e+00 7.580005168914794922e+00
-4.241470694541931152e-01 -3.560655832290649414e+00 -3.716349124908447266e+00 2.392406225204467773e+00 5.647600173950195312e+00
-1.713343977928161621e+00 1.853633403778076172e+00 -1.073453307151794434e+00 4.184093475341796875e+00 7.663567543029785156e+00
-4.380112648010253906e+00 -6.029428005218505859e+00 7.203634828329086304e-02 4.584785461425781250e+00 7.958262920379638672e+00
-8.070248603820800781e+00 -7.994263648986816406e+00 4.764420986175537109e+00 -2.249873638153076172e+00 4.657096862792968750e+00
1.420787334442138672e+00 -1.099504375457763672e+01 -1.319308400154113770e+00 -3.074516296386718750e+00 7.816458225250244141e+00
-4.552327632904052734e+00 -2.197272330522537231e-01 -1.208983659744262695e+00 7.841856002807617188e+00 3.614633083343505859e+00
-4.769804477691650391e+00 -9.469216346740722656e+00 1.040489292144775391e+01 -3.003528833389282227e+00 5.603605270385742188e+00
-9.819125533103942871e-01 -7.895352363586425781e+00 -6.646234035491943359e+00 -5.272575378417968750e+00 8.453626632690429688e+00
-3.747370243072509766e+00 -8.574544906616210938e+00 9.359883308410644531e+00 -5.782483100891113281e+00 5.510468006134033203e+00
-5.623833656311035156e+00 -3.203769207000732422e+00 1.009592342376708984e+01 -4.882065951824188232e-01 4.748419761657714844e+00
-5.114419937133789062e+00 -8.398086547851562500e+00 4.154855728149414062e+00 -5.433138847351074219e+00 4.740787029266357422e+00
-1.435923814773559570e+00 -2.125662326812744141e+00 -5.185902118682861328e-01 4.476647853851318359e+00 7.176270961761474609e+00
-6.295029520988464355e-01 -1.193562602996826172e+01 -7.708673477172851562e+00 -4.026102542877197266e+00 1.011405754089355469e+01
1.384148895740509033e-01 -8.037545204162597656e+00 -6.811551094055175781e+00 -1.445222377777099609e+00 6.557140827178955078e+00
1.184428036212921143e-01 -6.858440041542053223e-01 -2.810254812240600586e+00 4.636399745941162109e+00 9.682717323303222656e+00
5.545251965522766113e-01 -1.030276870727539062e+01 -4.296278476715087891e+00 -4.224724769592285156e+00 8.902902603149414062e+00
-3.708379030227661133e+00 -1.187403488159179688e+01 -2.157130241394042969e+00 -6.716511249542236328e+00 7.489977359771728516e+00
-1.033385396003723145e+00 -4.073875904083251953e+00 -5.241798877716064453e+00 8.234904289245605469e+00 5.178545475006103516e+00
-2.944455862045288086e+00 -5.340272426605224609e+00 4.510226249694824219e+00 -3.149433374404907227e+00 2.664260864257812500e+00
-4.992968082427978516e+00 -7.079988479614257812e+00 -5.935413360595703125e+00 -4.322438240051269531e+00 1.053523921966552734e+01
-4.004537582397460938e+00 -8.978693008422851562e+00 7.330640316009521484e+00 -4.861979961395263672e+00 4.552322387695312500e+00
4.346712112426757812e+00 -3.580133914947509766e+00 -1.508501887321472168e+00 3.925074100494384766e+00 3.603946685791015625e+00
-1.473562717437744141e-01 -8.607768058776855469e+00 -5.597871303558349609e+00 -2.019903898239135742e+00 1.031609249114990234e+01
-4.029061317443847656e+00 -5.928337574005126953e+00 9.466700553894042969e+00 -2.643527984619140625e+00 4.926816463470458984e+00
-4.299991130828857422e+00 3.044165611267089844e+00 1.090316891670227051e+00 7.713081836700439453e+00 6.058633327484130859e+00
-9.222876429557800293e-01 9.917120933532714844e-01 -1.566312670707702637e+00 4.704658031463623047e+00 5.506105899810791016e+00
1.391892284154891968e-01 -3.625495433807373047e+00 9.770066738128662109e-01 3.864097833633422852e+00 6.997360706329345703e+00
-1.652668952941894531e+00 -1.094112300872802734e+01 -5.232500553131103516e+00 -3.361557960510253906e+00 8.033185958862304688e+00
-9.752256870269775391e-01 4.938876032829284668e-01 1.583622574806213379e+00 6.774201393127441406e+00 5.985882759094238281e+00
-8.440077304840087891e-01 -2.275138139724731445e+00 -5.927290439605712891e+00 4.098589897155761719e+00 3.093364238739013672e+00
-4.870027065277099609e+00 -8.425937891006469727e-01 -5.028826594352722168e-01 6.454082965850830078e+00 5.146957397460937500e+00
-5.031799793243408203e+00 -8.817584991455078125e+00 9.892154693603515625e+00 5.055868029594421387e-01 7.552356243133544922e+00
2.887151002883911133e+00 -1.195882129669189453e+01 -5.336473464965820312e+00 -4.009332656860351562e+00 6.488996505737304688e+00
-3.798925280570983887e-01 -6.615615487098693848e-01 -1.639186263084411621e+00 2.606783151626586914e+00 8.794810295104980469e+00
-6.916508197784423828e+00 -8.291723251342773438e+00 6.373679637908935547e+00 -3.614236831665039062e+00 5.600676059722900391e+00
-6.630460262298583984e+00 -9.340853691101074219e+00 8.418138504028320312e+00 -6.125495910644531250e+00 6.993945121765136719e+00
-5.493588447570800781e+00 -8.778374671936035156e+00 4.236442089080810547e+00 -5.026356220245361328e+00 5.121847629547119141e+00
-2.955129623413085938e+00 -1.026585936546325684e+00 8.365895152091979980e-01 4.018388271331787109e+00 7.259685516357421875e+00
-4.746152877807617188e+00 4.986726343631744385e-01 9.241728782653808594e-01 4.436123847961425781e+00 8.856066703796386719e+00
-8.051969408988952637e-01 3.318630158901214600e-02 -5.343702435493469238e-01 3.644283533096313477e+00 8.365712165832519531e-01
-2.927770137786865234e+00 -5.721694231033325195e-01 -7.613613128662109375e+00 8.048760414123535156e+00 4.702734947204589844e+00
-4.702221453189849854e-01 -7.624114990234375000e+00 -5.738109588623046875e+00 -2.602333784103393555e+00 6.824496746063232422e+00
2.120816707611083984e+00 -1.002348661422729492e+00 -4.795078754425048828e+00 6.701825141906738281e+00 6.454913616180419922e+00
-2.665968179702758789e+00 -2.560938835144042969e+00 9.523246884346008301e-01 3.905346155166625977e+00 8.472288131713867188e+00
-1.955857157707214355e+00 1.147546768188476562e+00 -1.560314774513244629e+00 3.419539332389831543e-01 3.296314477920532227e+00
-1.106352210044860840e+00 -1.172101783752441406e+01 -8.447586745023727417e-02 -2.178181171417236328e+00 8.794191360473632812e+00
-2.037981986999511719e+00 -1.002314949035644531e+01 7.854882717132568359e+00 1.033839106559753418e+00 7.375339031219482422e+00
-3.553025960922241211e+00 -1.124953079223632812e+01 9.768353462219238281e+00 -3.637679100036621094e+00 9.614623069763183594e+00
-2.309893071651458740e-01 -1.096109485626220703e+01 8.569177627563476562e+00 -5.129923820495605469e+00 5.342479705810546875e+00
-6.291066169738769531e+00 -7.719225883483886719e+00 9.709831237792968750e+00 -2.517726659774780273e+00 7.724963188171386719e+00
1.821056157350540161e-01 2.384111642837524414e+00 -4.252568721771240234e+00 8.297148704528808594e+00 8.679010391235351562e+00
-1.208949446678161621e+00 -9.381333351135253906e+00 -5.775174617767333984e+00 -3.348996877670288086e+00 6.516373157501220703e+00
3.920979797840118408e-03 -2.820239782333374023e+00 -2.787752151489257812e+00 4.049017906188964844e+00 8.081184387207031250e+00
-2.887788772583007812e+00 -7.039468765258789062e+00 9.377945899963378906e+00 -5.656532287597656250e+00 4.401840686798095703e+00
-1.579686760902404785e+00 -9.506633281707763672e-01 -6.285126686096191406e+00 2.805601119995117188e+00 9.132850646972656250e+00
-2.097297668457031250e+00 -9.805929064750671387e-01 -1.249699115753173828e+00 9.252656936645507812e+00 7.177545547485351562e+00
-2.059676408767700195e+00 -9.521244049072265625e+00 -8.643490791320800781e+00 -1.112679958343505859e+00 8.654128074645996094e+00
-2.895710468292236328e+00 -6.989687442779541016e+00 5.045422077178955078e+00 -1.397978663444519043e+00 3.087095499038696289e+00
-1.601116180419921875e+00 -7.512191295623779297e+00 -7.723121643066406250e+00 -3.758792281150817871e-01 8.904215812683105469e+00
-4.871643066406250000e+00 -7.370927333831787109e+00 9.509569168090820312e+00 -2.914913415908813477e+00 7.159549713134765625e+00
-3.203871965408325195e+00 -5.828808784484863281e+00 7.891215801239013672e+00 -7.994449138641357422e-01 7.812982082366943359e+00
-3.965604543685913086e+00 -1.086198043823242188e+01 -4.604619503021240234e+00 -2.392543792724609375e+00 1.145411205291748047e+01
-7.616006851196289062e+00 -4.944986999034881592e-01 -4.278766632080078125e+00 1.639345288276672363e+00 9.390674591064453125e+00
-8.716812729835510254e-01 -2.113209724426269531e+00 7.987703084945678711e-01 5.721612930297851562e+00 3.847669124603271484e+00
-5.614766597747802734e+00 -5.002521991729736328e+00 -6.642256736755371094e+00 1.934659004211425781e+00 1.026747131347656250e+01
-4.670473575592041016e+00 -5.089468955993652344e+00 8.131963729858398438e+00 -7.705451488494873047e+00 5.958866596221923828e+00
-4.750772476196289062e+00 -9.641526341438293457e-01 4.620743989944458008e-01 6.645773410797119141e+00 7.000336647033691406e+00
-3.676971197128295898e+00 -1.147432994842529297e+01 -5.151501178741455078e+00 -7.376671433448791504e-01 9.473980903625488281e+00
-7.330191135406494141e+00 -7.110357761383056641e+00 6.393622398376464844e+00 1.582769036293029785e+00 6.955178737640380859e+00
-2.827759265899658203e+00 -1.167484664916992188e+01 -5.843925952911376953e+00 -4.782650172710418701e-01 1.209906291961669922e+01
-2.083216190338134766e+00 -1.127031898498535156e+01 -4.592701435089111328e+00 -2.862348794937133789e+00 9.262744903564453125e+00
-2.296680927276611328e+00 -8.128479957580566406e+00 -3.114164590835571289e+00 -2.006531000137329102e+00 7.163546562194824219e+00
-4.763236999511718750e+00 -9.790549278259277344e+00 7.375183582305908203e+00 -3.872458934783935547e+00 3.233254432678222656e+00
-2.273096084594726562e+00 3.101635932922363281e+00 8.119718432426452637e-01 3.211090087890625000e+00 6.472566127777099609e+00
-1.469447374343872070e+00 -9.004260063171386719e+00 1.062425899505615234e+01 -1.070356488227844238e+00 5.275957584381103516e+00
-6.359894275665283203e+00 -7.339772701263427734e+00 7.172137737274169922e+00 -1.278049707412719727e+00 6.599216938018798828e+00
3.618453145027160645e-01 -1.905762910842895508e+00 -1.088459610939025879e+00 5.918631553649902344e+00 3.834054708480834961e+00
-6.848119735717773438e+00 -6.994014263153076172e+00 9.211345672607421875e+00 -3.427882909774780273e+00 6.552530288696289062e+00
-2.007744550704956055e+00 -1.105725526809692383e+00 -7.294433712959289551e-01 6.013354778289794922e+00 7.578143596649169922e+00
-3.145601034164428711e+00 -6.912762165069580078e+00 7.831233978271484375e+00 -3.632970094680786133e+00 4.191854953765869141e+00
-1.355529785156250000e+00 -1.039166450500488281e+01 -9.914431571960449219e+00 -3.853895902633666992e+00 7.307336807250976562e+00
-3.827009916305541992e+00 -1.405046844482421875e+01 -6.356041431427001953e+00 -2.290939092636108398e+00 1.308861541748046875e+01
-4.461071968078613281e+00 -8.594966888427734375e+00 -3.853541612625122070e+00 7.686358690261840820e-01 9.238111495971679688e+00
2.505726180970668793e-02 -1.480600595474243164e+00 -4.356111288070678711e-01 4.786952018737792969e+00 6.278167247772216797e+00
1.987743496894836426e+00 -1.128105258941650391e+01 -7.474442005157470703e+00 3.434286713600158691e-01 7.574346542358398438e+00
-5.049084186553955078e+00 -7.328000545501708984e+00 9.252677917480468750e+00 -2.668564558029174805e+00 5.865187644958496094e+00
-2.926458597183227539e+00 -1.082891845703125000e+01 -4.983784675598144531e+00 -1.128088593482971191e+00 9.999104499816894531e+00
-6.502848863601684570e-01 -2.148269414901733398e+00 1.652029305696487427e-01 6.904969215393066406e+00 4.287890911102294922e+00
2.032059431076049805e+00 -1.485817146301269531e+01 -6.914651870727539062e+00 -6.062977790832519531e+00 7.098042011260986328e+00
2.098980903625488281e+00 -1.283723258972167969e+01 -7.454135894775390625e+00 3.852995336055755615e-01 6.807296276092529297e+00
-6.928798675537109375e+00 -7.547365665435791016e+00 1.249168014526367188e+01 -2.620702028274536133e+00 9.656612396240234375e+00
-7.846950888633728027e-01 -2.655113697052001953e+00 6.124872565269470215e-01 3.559281826019287109e+00 3.869384288787841797e+00
-4.949199199676513672e+00 -9.358650207519531250e+00 9.338975906372070312e+00 -2.265086174011230469e+00 5.994576454162597656e+00
-8.398433685302734375e+00 -5.231074333190917969e+00 7.271303653717041016e+00 -6.983853816986083984e+00 8.389392852783203125e+00
-8.268395423889160156e+00 -7.988774299621582031e+00 7.454291820526123047e+00 -4.413482189178466797e+00 5.522689342498779297e+00
-6.739093303680419922e+00 -6.062633514404296875e+00 9.181322097778320312e+00 1.151012182235717773e+00 9.119458198547363281e+00
-4.413211822509765625e+00 -8.260249137878417969e+00 8.426918983459472656e+00 -2.804177999496459961e+00 5.727445602416992188e+00
-2.743659496307373047e+00 -8.872653007507324219e+00 -3.764424800872802734e+00 5.334453582763671875e-01 9.706705093383789062e+00
3.618841886520385742e+00 -1.237882518768310547e+01 -9.470892906188964844e+00 -1.549209117889404297e+00 1.005751991271972656e+01
-2.889891862869262695e+00 -8.716273307800292969e+00 9.342261314392089844e+00 -6.306953907012939453e+00 7.988903045654296875e+00
2.055986166000366211e+00 -9.507428169250488281e+00 -7.115396499633789062e+00 -2.221906423568725586e+00 9.890525817871093750e+00
-1.987885355949401855e+00 -9.693600654602050781e+00 -7.072312355041503906e+00 -8.694099426269531250e+00 9.973605155944824219e+00
-3.839043140411376953e+00 -7.477187633514404297e+00 6.057388782501220703e+00 -5.104340076446533203e+00 4.089603900909423828e+00
-2.385340690612792969e+00 -6.175126075744628906e+00 -6.469084262847900391e+00 -6.325574874877929688e+00 1.278005695343017578e+01
-2.052124023437500000e+00 -1.387389779090881348e+00 2.781348526477813721e-01 5.856055259704589844e+00 4.774124145507812500e+00
-7.568995475769042969e+00 -4.620281219482421875e+00 1.154716396331787109e+01 -4.000230789184570312e+00 7.969480037689208984e+00
2.035527944564819336e+00 -3.926554679870605469e+00 -1.843512415885925293e+00 1.922572374343872070e+00 5.128282070159912109e+00
-4.882318496704101562e+00 -1.200583744049072266e+01 -7.559643745422363281e+00 -3.502573728561401367e+00 6.554609775543212891e+00
-1.467443466186523438e+00 -1.119118928909301758e-01 -3.079155206680297852e+00 5.228185176849365234e+00 7.409237861633300781e+00
-3.186308622360229492e+00 -6.965914726257324219e+00 -7.063264846801757812e+00 -4.950558662414550781e+00 1.174955272674560547e+01
1.131518483161926270e+00 -1.614103913307189941e+00 -3.902107954025268555e+00 5.997770309448242188e+00 4.653585910797119141e+00
2.998217582702636719e+00 -4.046683788299560547e+00 -1.765208840370178223e+00 3.107482671737670898e+00 4.923753738403320312e+00
-3.317240476608276367e+00 -4.893579959869384766e+00 -2.787542104721069336e+00 -1.838048100471496582e+00 9.095796585083007812e+00
-5.897793769836425781e+00 -4.817945003509521484e+00 7.613272190093994141e+00 -3.567249536514282227e+00 6.512800693511962891e+00
-5.384218692779541016e+00 -3.403317451477050781e+00 -2.319276928901672363e-01 3.863853931427001953e+00 6.679146289825439453e+00
4.425533413887023926e-01 1.951647996902465820e-01 -1.023221850395202637e+00 5.851094245910644531e+00 4.308884620666503906e+00
1.104016304016113281e+00 -8.531042098999023438e+00 -4.374340057373046875e+00 3.585997968912124634e-02 1.010686969757080078e+01
-1.632188439369201660e+00 -1.038520145416259766e+01 -8.222702026367187500e+00 3.571216166019439697e-01 1.045574569702148438e+01
-5.101536512374877930e-01 -2.353970050811767578e+00 -2.614393949508666992e+00 5.300941944122314453e+00 7.935136318206787109e+00
3.521387577056884766e+00 -1.306792926788330078e+01 -4.742517948150634766e+00 -4.057922363281250000e+00 7.949481964111328125e+00
-1.705692172050476074e+00 5.405561923980712891e+00 -1.272656679153442383e+00 3.640696048736572266e+00 3.197402477264404297e+00
-5.169223785400390625e+00 -6.094815731048583984e+00 9.886667251586914062e+00 -3.557541131973266602e+00 7.515589237213134766e+00
-4.816027164459228516e+00 -1.057412719726562500e+01 8.824335098266601562e+00 -5.234941005706787109e+00 4.322494983673095703e+00
2.182547569274902344e+00 5.363918840885162354e-02 -3.862338960170745850e-01 4.675697803497314453e+00 6.033812046051025391e+00
-7.536532878875732422e+00 -5.615917682647705078e+00 7.052660942077636719e+00 -9.062987327575683594e+00 8.644119262695312500e+00
8.153270483016967773e-01 -9.658259391784667969e+00 -6.798403739929199219e+00 -4.237176895141601562e+00 1.159247112274169922e+01
-2.924371361732482910e-01 -9.404979705810546875e+00 -2.062732219696044922e+00 -1.047445416450500488e+00 8.869624137878417969e+00
-3.906614542007446289e+00 -6.367599487304687500e+00 -3.468665361404418945e+00 5.030078887939453125e+00 8.305795669555664062e+00
-3.392175197601318359e+00 -1.873718500137329102e+00 1.234618425369262695e+00 2.596681118011474609e+00 3.571370124816894531e+00
-4.442124366760253906e-01 -1.036158657073974609e+01 -6.572496414184570312e+00 1.984950542449951172e+00 1.072292900085449219e+01
-1.934231668710708618e-01 -8.906069993972778320e-01 -2.072763442993164062e+00 5.078527450561523438e+00 4.892945766448974609e+00
-3.739334344863891602e+00 -8.373407363891601562e+00 8.517730712890625000e+00 -5.160639286041259766e+00 4.073779582977294922e+00
-1.153810787200927734e+01 -8.286564826965332031e+00 8.341844558715820312e+00 -1.523558974266052246e+00 8.632344245910644531e+00
-5.164425849914550781e+00 -5.289603233337402344e+00 8.774608612060546875e+00 -1.202967911958694458e-01 4.929370403289794922e+00
-5.415299415588378906e+00 -6.270678043365478516e+00 9.541810989379882812e+00 -4.310974121093750000e+00 3.163192510604858398e+00
2.914517000317573547e-02 4.043813794851303101e-02 -3.035065650939941406e+00 3.869457244873046875e+00 7.999488353729248047e+00
-4.716750144958496094e+00 -8.660490989685058594e+00 1.039586162567138672e+01 -2.216989994049072266e+00 5.933575153350830078e+00
-1.026916790008544922e+01 -7.485940456390380859e+00 6.808401107788085938e+00 -3.100105047225952148e+00 6.333683490753173828e+00
-1.339424967765808105e+00 -1.228499221801757812e+01 -4.885500431060791016e+00 -6.152961254119873047e+00 1.103790664672851562e+01
-7.497562170028686523e-01 1.635813474655151367e+00 -2.989920139312744141e+00 2.944831132888793945e+00 6.468131065368652344e+00
-3.078226804733276367e+00 -9.303366661071777344e+00 7.089277744293212891e+00 -6.835649013519287109e+00 6.199162006378173828e+00
-2.721462726593017578e+00 -3.649781942367553711e+00 -4.290710449218750000e+00 4.043103694915771484e+00 6.497216224670410156e+00
-2.331289291381835938e+00 -7.379869818687438965e-01 -2.639394044876098633e+00 1.998496651649475098e+00 4.512982368469238281e+00
-3.305238962173461914e+00 -9.000839233398437500e+00 -7.921393394470214844e+00 -4.306128501892089844e+00 1.160615539550781250e+01
-1.621068120002746582e+00 2.517505645751953125e+00 -4.582993030548095703e+00 7.226835727691650391e+00 9.919151306152343750e+00
-1.991457343101501465e+00 -7.448645591735839844e+00 8.832862854003906250e+00 -5.462435722351074219e+00 4.652096271514892578e+00
-4.225952625274658203e+00 -1.024044990539550781e+01 -5.092902660369873047e+00 -1.203076004981994629e+00 4.312550544738769531e+00
-1.997531771659851074e+00 -1.017661857604980469e+01 -6.220467567443847656e+00 -3.689535379409790039e+00 1.028686618804931641e+01
2.522771596908569336e+00 -7.911633491516113281e+00 -5.638738632202148438e+00 1.794461727142333984e+00 8.562467575073242188e+00
8.784742355346679688e-01 -8.996840476989746094e+00 -2.865931510925292969e+00 -1.600598454475402832e+00 1.170644474029541016e+01
-1.463425755500793457e+00 -5.456413269042968750e+00 -4.648042678833007812e+00 5.520033240318298340e-01 3.301231384277343750e+00
-2.068886518478393555e+00 -2.485367298126220703e+00 -4.124198913574218750e+00 9.769957661628723145e-01 5.153748512268066406e+00
-6.596859931945800781e+00 -8.186965942382812500e+00 1.272308635711669922e+01 -5.876017093658447266e+00 6.134161472320556641e+00
-8.190979957580566406e+00 -7.058208942413330078e+00 1.347015190124511719e+01 -3.574557304382324219e+00 4.917373180389404297e+00
-1.582164168357849121e+00 -1.552501559257507324e+00 -1.233527898788452148e+00 7.597732067108154297e+00 7.568840503692626953e+00
-2.498034000396728516e+00 -3.565481901168823242e+00 -2.771790027618408203e+00 4.950661182403564453e+00 3.209551095962524414e+00
-1.764890074729919434e+00 -1.141594886779785156e+01 -3.469327926635742188e+00 2.360508203506469727e+00 8.687204360961914062e+00
-8.285792350769042969e+00 -7.007341384887695312e+00 1.142781257629394531e+01 -2.729635238647460938e+00 3.114343404769897461e+00
-1.269780993461608887e+00 -3.079719305038452148e+00 -3.151423692703247070e+00 4.697334289550781250e+00 3.483706235885620117e+00
-4.145849227905273438e+00 -8.580875396728515625e+00 -3.944399833679199219e+00 1.189736366271972656e+00 5.029858112335205078e+00
-6.448459148406982422e+00 -7.459894180297851562e+00 5.756103992462158203e+00 -6.728815078735351562e+00 4.416429519653320312e+00
-4.352628707885742188e+00 -4.625256061553955078e+00 7.836875915527343750e+00 -2.502388238906860352e+00 1.073171424865722656e+01
-4.523203372955322266e+00 -1.287206172943115234e+01 -3.916422128677368164e+00 -1.953867673873901367e+00 1.036545562744140625e+01
-1.391276836395263672e+00 -7.582046389579772949e-01 -1.711237072944641113e+00 5.022794246673583984e+00 3.827811956405639648e+00
-5.480377197265625000e+00 -7.506355285644531250e+00 5.072372913360595703e+00 -2.024514675140380859e+00 4.693274497985839844e+00
3.947105109691619873e-01 2.637055158615112305e+00 -1.573289632797241211e+00 5.467896461486816406e+00 5.375705718994140625e+00
-2.551662206649780273e+00 -8.873432159423828125e+00 -6.873770713806152344e+00 -5.111789703369140625e-01 9.628000259399414062e+00
2.674047648906707764e-01 -9.868042945861816406e+00 -4.652850151062011719e+00 -5.096068382263183594e+00 5.472705841064453125e+00
-6.108183383941650391e+00 -3.822826623916625977e+00 1.291041374206542969e+01 -4.105126857757568359e+00 4.471713542938232422e+00
4.743274152278900146e-01 1.817942969501018524e-02 -2.124112844467163086e-01 5.625480651855468750e+00 5.106759548187255859e+00
-3.425221681594848633e+00 -4.863462448120117188e+00 -1.293133735656738281e+00 3.234071493148803711e+00 3.717023849487304688e+00
1.552485942840576172e+00 -3.947078227996826172e+00 2.292897939682006836e+00 5.965981006622314453e+00 2.902874946594238281e+00
-1.092511653900146484e+00 -2.146720170974731445e+00 -8.644122481346130371e-01 5.061489105224609375e+00 4.439454555511474609e+00
1.673417985439300537e-01 -1.033526515960693359e+01 -7.626169681549072266e+00 -5.089885711669921875e+00 1.269892120361328125e+01
-7.403829693794250488e-01 -2.130885362625122070e+00 -7.335662841796875000e-01 4.506144523620605469e+00 3.077110528945922852e+00
-2.527655124664306641e+00 -9.604647636413574219e+00 -6.241255760192871094e+00 -4.407332420349121094e+00 7.775455474853515625e+00
-6.251524925231933594e+00 -6.634390354156494141e+00 1.065487384796142578e+01 -3.961829185485839844e+00 5.098515510559082031e+00
-5.554571151733398438e+00 -2.762639760971069336e+00 9.324148178100585938e+00 -1.616693973541259766e+00 9.082157135009765625e+00
-3.098992347717285156e+00 -8.907108306884765625e+00 -5.506101608276367188e+00 -9.277347922325134277e-01 9.021763801574707031e+00
-4.222322463989257812e+00 -5.032623767852783203e+00 -6.351124763488769531e+00 -3.168349504470825195e+00 9.490249633789062500e+00
1.838634848594665527e+00 -1.245881843566894531e+01 -1.013147354125976562e+01 4.011546611785888672e+00 4.420890331268310547e+00
-6.312329769134521484e+00 -8.233483314514160156e+00 7.261264324188232422e+00 -1.782969474792480469e+00 7.044703483581542969e+00
-2.056827783584594727e+00 -2.632063627243041992e+00 -2.814270734786987305e+00 3.061469554901123047e+00 6.507579803466796875e+00
-2.302664279937744141e+00 -2.369054794311523438e+00 4.784080982208251953e-01 2.843425750732421875e+00 3.301905870437622070e+00
-4.332968235015869141e+00 -4.514758586883544922e+00 7.557793140411376953e+00 -1.425695180892944336e+00 4.743031024932861328e+00
-3.988090753555297852e+00 -1.004604530334472656e+01 8.732254981994628906e+00 -1.972355842590332031e+00 4.310905933380126953e+00
-5.979479789733886719e+00 -8.087303161621093750e+00 9.697077751159667969e+00 -1.913912892341613770e+00 3.871862173080444336e+00
-1.037383174896240234e+01 -8.614419937133789062e+00 8.361252784729003906e+00 -1.235816478729248047e+00 8.380844116210937500e+00
-1.912494778633117676e+00 -9.304820060729980469e+00 -4.906858921051025391e+00 -1.471251010894775391e+00 7.706170082092285156e+00
-3.013808488845825195e+00 -8.462238311767578125e+00 8.586390495300292969e+00 -3.588543653488159180e+00 6.334580421447753906e+00
-5.859047889709472656e+00 -8.741902351379394531e+00 1.015007972717285156e+01 -2.070837736129760742e+00 4.072502136230468750e+00
6.379562616348266602e-01 -8.146333694458007812e+00 -5.403541564941406250e+00 -4.943899810314178467e-01 9.589285850524902344e+00
-2.055495262145996094e+00 -1.327216744422912598e+00 -2.322047472000122070e+00 5.558625698089599609e+00 3.018059015274047852e+00
-2.024006843566894531e+00 7.343240380287170410e-01 2.521435022354125977e-01 4.042384624481201172e+00 5.130033493041992188e+00
-2.271250933408737183e-01 6.726484894752502441e-01 -4.012137889862060547e+00 9.659451246261596680e-01 4.861481666564941406e+00
-1.516037821769714355e+00 -5.648254871368408203e+00 -5.613005638122558594e+00 -3.708667278289794922e+00 7.394022464752197266e+00
-4.606392383575439453e+00 -7.373153209686279297e+00 8.202285766601562500e+00 -7.199241518974304199e-01 8.227825164794921875e+00
-7.911515235900878906e+00 -1.008090305328369141e+01 6.331243515014648438e+00 -2.644875764846801758e+00 5.750009059906005859e+00
-3.218080282211303711e+00 -3.375580072402954102e+00 -3.737843036651611328e+00 5.620910644531250000e+00 4.946896553039550781e+00
-9.584806561470031738e-01 -1.010120868682861328e+01 -6.900950908660888672e+00 -1.532458901405334473e+00 8.376235961914062500e+00
-6.708438992500305176e-01 -9.866508483886718750e+00 -2.926295042037963867e+00 -1.942376136779785156e+00 6.124225139617919922e+00
-4.468781471252441406e+00 -6.260720729827880859e+00 1.058879756927490234e+01 -1.693413257598876953e+00 9.439542770385742188e+00
1.824940800666809082e+00 -5.310342907905578613e-01 -3.873292446136474609e+00 3.021264076232910156e+00 3.348452091217041016e+00
-1.162718176841735840e+00 -1.026271104812622070e+00 9.712610840797424316e-01 -1.273316502571105957e+00 3.426685094833374023e+00
-6.479255676269531250e+00 -5.733047962188720703e+00 1.007973098754882812e+01 3.122368574142456055e+00 6.221818447113037109e+00
-1.670624375343322754e+00 -8.928268432617187500e+00 -4.608778953552246094e+00 -1.097207069396972656e+00 1.063427162170410156e+01
-4.983865261077880859e+00 -6.844355106353759766e+00 1.040299129486083984e+01 -7.442622780799865723e-01 4.444916725158691406e+00
